saved_data/IBL.asc
ncols         590 
nrows         317 
xllcorner     21943.640595566 
yllcorner     524921.30757686 
cellsize      180 
NODATA_value  -9999 
[rows 154 to 175 of 317, columns 196 to 244 of 590]
6.51274104639897 6.59264578763312 6.99073793200828 7.50147801702057 7.70767981903882 7.8607486120651 7.92409077007463 7.97457023239104 8.13737764358421 8.187070722073 8.11245873773336 8.02487198103642 8.01231345543098 7.9367270437862 8.02487198103642 9.08749231304946 9.07499145296332 7.91144367901614 8.75886182407528 8.06992243733895 6.65918297466547 6.23286887037491 5.82079314405268 6.3868324479501 5.97446683920542 4.08573698007333 3.42533610795701 2.95066378192756 2.69543634647207 3.38169697398599 2.13335827109776 2.00738666703776 2 2.01520269234191 2.02150097107562 2.04490091325263 3.12016999362699 3.14020505262915 3.11697841871566 3.02732085744796 3.00586810796155 3.00089148636121 3.00200621960955 3.13064129121635 2.23623003334427 2.3551198663311 2.45314291996458 2.82020845741124 3.26990034280399
6.7123708639705 6.91138120474277 7.3193109220957 7.55323928025404 7.70767981903882 7.8607486120651 7.91144367901614 7.97457023239104 17.1373776435842 8.17466571278541 8.08749231304946 8.06247891997624 8.06247891997624 8.07499145296332 8.11245873773336 9.13737764358421 9.07499145296332 8.9367270437862 8.73329019268592 6.8318726953665 6.35281952992287 5.70179702229141 5.30876214748315 5.98718861265125 5.52535452842518 3.71727415947447 3.15497788731623 2.85899651027418 3.69543634647207 3.45807799561009 2.32223324423027 2.12999798202554 2.04490091325263 2.14369146471387 2.16175208728376 2.16926887232546 3.27716602687028 3.25818406239788 3.17308977688601 3.08739365969376 3.06441028075625 3.04294849262349 3.01520269234191 3.02176504445982 3.07468553006739 3.15876418670576 2.30277021519762 2.66017163954536 2.96941139959991
6.67248373556302 6.8583911210949 7.38454141581929 7.61774747118644 7.8226173523884 7.92409077007463 7.89878584391776 7.88611733839412 8.09998143096012 8.08749231304946 8.07499145296332 8.09998143096012 8.09998143096012 8.06247891997624 8.08749231304946 9.16224848516869 9.13737764358421 9.02487198103642 8.44958494643788 6.4727704962906 5.94014277214364 5.28280828021457 4.8857550745641 5.69781682405606 5.249082008303 3.63180082512239 3.12738803679701 2.99364749576703 3.77920344361871 3.5609545328175 2.65877746378605 2.48288931470095 2.28201265749776 2.38169697398599 2.48288931470095 2.31193765370474 3.42792626429574 3.38169697398599 3.23093080514973 3.17308977688601 3.23093080514973 3.21358003663355 3.12999798202554 3.00517419987907 3.00067997922251 3.03952882847855 2.2544304327887 2.63146442854627 11.638586948887
6.77879294272913 6.92461842251287 7.43659170954758 7.63062251055623 7.80988638739313 8.01231345543098 7.84804854002321 7.8226173523884 8.06247891997624 8.08749231304946 8.06247891997624 8.09998143096012 8.09998143096012 8.06247891997624 8.12492416472004 9.21184381891154 9.19946344626544 9.06247891997624 8.26699916188574 6.23286887037491 5.5700940706674 5.153602981044 4.83534078669572 5.51315363604778 5.02836229651207 4.62122949810268 3.49639044173519 3.33596846147039 4.05517664924622 3.91686541120458 4.03743755740228 3.90849835564456 3.66603754462233 2.71785951234388 2.84276495955574 2.66603754462233 2.63721362826123 3.48288931470095 3.33797555079568 3.28201265749776 3.37053021006408 2.3873391698575 2.26286875884255 3.07419745355847 3.04689645643016 3.0001225598147 2.11131667882689 2.34970615284957 11.2780954693529
6.8318726953665 7.01715290259481 7.51443089722981 7.8226173523884 7.8607486120651 8.03741911395829 7.8607486120651 7.65634534657682 7.9367270437862 8.13737764358421 8.17466571278541 8.16224848516869 8.12492416472004 8.12492416472004 8.16224848516869 9.2242117738751 9.23656724533522 9.17466571278541 8.7716329176781 7.04354798588536 6.00657083757268 5.66222443445646 5.16647926388686 5.59889654235378 5.19030079503646 5.10883203887798 4.91521821034002 4.60016330397292 4.4455012771531 4.37540700679927 4.41529477807172 4.23938206146816 4.06409360429467 4.09103292349387 4.03743755740228 3.82666915794799 3.61597611418935 3.48288931470095 3.39874086335947 3.42792626429574 3.54756885674456 2.58817079400444 2.47040732517602 2.24437391576719 2.26759402183137 2.19281761546356 2.01637545819469 2.03590957813241 11.0029311342859
6.76551463470392 7.16205989198898 7.60486345783246 7.87343823636705 7.80988638739313 8.03741911395829 7.69486029874346 7.50147801702057 7.84804854002321 8.187070722073 8.27355810521967 8.21184381891154 8.12492416472004 8.187070722073 8.09998143096012 9.19946344626544 9.28586299077032 9.187070722073 9.12492416472004 8.75886182407528 6.77879294272913 6.32616109880179 5.71499880011321 5.03819260276343 5.57431920937745 5.50096909393577 5.20201838502191 4.82630821502194 4.76060091208541 4.82630821502194 4.81529808959496 4.64239748967851 4.38533710229599 4.2298842368296 3.94216485494349 3.83470004484763 3.57448871801029 3.416135666994 3.50830897250229 3.64436542375825 3.90016450211881 13.0374375574023 4.04629126755519 2.73298514950865 2.81867238897335 2.76365780739421 2.55424309273947 2.31193765370474 2.37609396579384
6.87164463232334 7.00394785651525 7.25390426010749 7.33237146228368 7.38454141581929 7.75886182407528 7.69486029874346 7.52737545620358 7.80988638739313 8.17466571278541 8.2242117738751 8.21184381891154 8.187070722073 8.13737764358421 8.19946344626544 8.2242117738751 8.16224848516869 9.16224848516869 9.13737764358421 8.89878584391776 8.38454141581929 6.92461842251287 6.56601721430461 5.97999042575687 5.39987337099565 4.97446683920542 5.59889654235378 5.29644916627563 5.15526587523132 5.26089563785118 5.23728734975528 4.93767175546983 4.50664904433073 4.1182528411267 3.85086381162404 3.73298514950865 3.62301889274832 3.60200013628525 3.74060077017525 12.993647495767 13.4052810953638 13.6423974896785 13.6001633039729 3.54794903453985 3.78240863562509 3.90402494011591 3.6957569479939 3.40528109536384 12.3754070067993
6.93785132809373 6.77879294272913 6.8318726953665 6.88489421399052 7.06992243733894 7.41058186218897 7.66919298358741 7.64348849567598 7.79714527585235 8.13737764358421 8.14981910630336 8.187070722073 8.12492416472004 8.11245873773336 8.2242117738751 8.31043427433398 9.24891016778648 9.21184381891154 9.2242117738751 9.02487198103642 8.78439409382609 8.50147801702057 7.28008736688124 6.67248373556302 5.92686678767289 5.51758920717239 6.30876214748315 6.153602981044 5.91103927062267 4.89839085106798 5.62353592760462 5.03979528258084 4.51693431482947 13.1828420101056 3.10007518446619 12.0198255429914 12.1457506607186 4.15497788731623 13.2969859604471 3.53758442004955 4.0055600697187 13.3441122632975 4.33216916071959 13.2372873497553 13.6729970258209 14.0893779193525 14.0126674664178 13.5743192093775 13.7976686744553
7.72566119041709 6.44611861270596 6.49941863719453 6.7123708639705 6.92461842251287 7.16205989198898 7.56615838096664 7.66919298358741 7.80988638739313 17.12492416472 8.32270054481452 8.24891016778648 8.16224848516869 8.13737764358421 8.14981910630336 9.24891016778648 9.29815506844996 9.33495381660068 9.35942111251211 9.24891016778648 9.23656724533522 9.17466571278541 8.92409077007463 7.42359065324836 6.73894866015338 6.36614880172458 6.20622096523154 6.0996848453114 5.83403825593492 5.82079314405268 5.25689076003715 5.26089563785118 4.01695051992431 3.88170598314871 13.0055600697187 3.90402494011591 4.17860276797821 4.13200865116976 4.50096909393577 4.51315363604778 5.10220168997306 5.5044801726268 5.46519615455656 5.20516852446877 5.41292232724561 15.9135942716321 16.0597644325059 7.01986530497205 7.16625816580373
7.48609508618131 6.25952060545226 6.6857820371844 6.92461842251287 7.03035297678472 7.25390426010749 7.57906883171682 7.6820313273345 7.70767981903882 7.94935242715178 8.21184381891154 8.19946344626544 17.2365672453352 8.24891016778648 8.187070722073 9.21184381891154 9.3471940267187 9.3471940267187 9.3471940267187 9.33495381660068 18.3716350116419 18.3838356620867 9.31043427433398 8.9367270437862 7.54031161132115 7.20145945584106 7.01715290259481 6.81860797420004 6.65918297466547 6.76551463470392 6.55270039718668 5.58323689097011 5.37379967477834 14.1664792638869 5.41292232724561 5.12788133072076 5.41292232724561 5.46519615455656 5.64904486711354 5.6754097255144 7.11299586960167 7.49941863719453 16.446118612706 16.3528195299229 7.43279152597507 7.40613558167659 7.31283215028322 7.13962359491743 6.80755239541938
7.91138120474277 6.64587985444514 7.06992243733894 7.25390426010749 7.22769471978312 7.38454141581929 7.59197055105655 7.65634534657682 7.73329019268593 7.8226173523884 8.06247891997624 8.11245873773336 8.13737764358421 8.187070722073 9.23656724533522 9.27355810521967 9.28586299077032 9.32270054481452 18.3716350116419 17.3838356620867 17.3838356620867 17.3594211125121 9.12492416472004 8.99974360797448 8.8607486120651 7.63062251055623 7.59197055105655 8.24080274987216 8.30624333461427 8.37150993123915 8.25390426010749 7.79206800046804 7.52606221108553 7.31283215028322 7.48609508618131 7.19289871680678 7.37947797083387 7.56601721430461 7.43279152597507 7.40613558167659 7.6325744750912 7.61926693702751 7.49941863719453 7.43279152597507 7.25952060545226 6.94014277214364 6.62270336087081 6.30876214748315 5.73515539026072
8.17519918263211 8.28008736688124 8.38454141581929 8.44958494643788 7.46257027955829 16.5661583809666 7.64348849567598 7.6820313273345 7.75886182407528 7.8607486120651 7.9367270437862 7.99974360797448 8.07499145296332 9.11245873773336 9.28586299077032 9.33495381660068 18.3594211125121 18.3716350116419 18.3838356620867 17.3838356620867 17.3838356620867 17.2118438189115 8.9619668474807 9.049954783675 9.02487198103642 8.92409077007463 8.8607486120651 8.60486345783246 8.35847105335772 8.25390426010749 8.17519918263211 8.14891461889966 8.00394785651525 7.9510798264664 7.97752322279794 7.8583911210949 7.87164463232334 7.80533971013734 7.75223317442104 7.72566119041709 7.48609508618131 6.86054111997366 6.72820584585856 6.58323689097011 6.12788133072076 5.54980488577393 4.23728734975528 3.96021386701685 3.46577573661806
6.75223317442104 7.01715290259481 8.09627551664549 17.1489146188997 17.3715099312391 8.52737545620358 17.643488495676 8.60486345783246 8.74608088998727 8.87343823636705 8.03741911395829 8.049954783675 8.03741911395829 9.16224848516869 18.3471940267187 17.3838356620867 17.3838356620867 17.3838356620867 17.3838356620867 17.3838356620867 17.3838356620867 17.2612404760392 7.98716250981005 9.11245873773336 9.08749231304946 8.97457023239104 8.59197055105655 8.57906883171682 8.33237146228368 7.99073793200828 7.64587985444514 7.92461842251287 7.81860797420004 7.67248373556302 7.59264578763312 7.73894866015338 7.59264578763312 7.44611861270596 7.16625816580373 6.66222443445646 5.8857550745641 4.26089563785118 4.17860276797821 4.17860276797821 3.65301937972757 3.07304203423353 2.93369875468267 2.72540470168071 2.45807799561009
6.28617531588204 6.41946381429042 6.43279152597507 6.5393820287685 6.99073793200828 7.12260648775389 7.20145945584106 8.33237146228368 8.69486029874346 8.88611733839412 9.08749231304946 9.16224848516869 9.13737764358421 9.24891016778648 18.3716350116419 17.3838356620867 17.3838356620867 17.3838356620867 17.3838356620867 17.3838356620867 17.3838356620867 17.3594211125121 8.12492416472004 8.08749231304946 9.14981910630336 8.98716250981005 8.75886182407528 8.50147801702057 8.22769471978312 7.56601721430461 6.82079314405268 7.11299586960167 7.35281952992287 7.43279152597507 7.29950352067137 7.40613558167659 7.20622096523154 6.90032533530874 6.46519615455656 5.67299702582088 3.71727415947447 2.97635657562604 2.80278156359629 2.80278156359629 2.48288931470095 2.16926887232546 2.09582309186844 2.06207064764006 2.00063378357978
5.90032533530874 5.72820584585856 5.58323689097011 5.66222443445646 6.43279152597507 6.32616109880179 6.4727704962906 6.79206800046804 7.44958494643788 8.65634534657682 9.03741911395829 9.27355810521967 18.3471940267187 18.3838356620867 18.3838356620867 17.3838356620867 17.3838356620867 17.3838356620867 17.3838356620867 17.3838356620867 17.3838356620867 17.3838356620867 8.33495381660068 8.17466571278541 9.23656724533522 9.17466571278541 9.01231345543098 8.55323928025404 8.03035297678472 7.20622096523154 5.88706009015454 5.55695777687818 6.91359427163212 6.97999042575687 6.42597920013403 6.49137824179262 6.28280828021457 6.05097222962596 5.84792479709731 5.16692442201355 3.23938206146816 2.57448871801029 2.2918268930124 2.19688752303625 2.09871799186459 2.02015445522388 2.00125582274619 2.02608995656769 2.04332082222396
5.72820584585856 5.23101052748986 4.98718861265125 5.21808468836853 5.88706009015454 6.00657083757268 5.91359427163212 6.43279152597507 7.20145945584106 8.50147801702057 8.80988638739314 18.2735581052197 17.3838356620867 17.3838356620867 17.3838356620867 17.3838356620867 17.3838356620867 17.3838356620867 17.3838356620867 17.3838356620867 17.3838356620867 17.3838356620867 17.3838356620867 17.3594211125121 18.29815506845 9.13737764358421 8.79714527585235 8.30624333461427 7.76551463470392 6.35281952992287 6.29950352067137 6.00657083757268 6.12630882235427 5.74141804593048 4.96175699346655 4.73515539026072 4.76011895099846 5.63587859069564 5.4040957035173 3.93767175546983 3.27766784120765 2.75593718565027 2.44590189309523 11.2918268930124 2.18085638629447 11.1046352221121 2.02888419879519 2.01637545819469 2.01759168363267
5.82079314405268 5.29578072919164 5.21808468836853 5.53070522975019 6.03316246651187 6.25952060545226 6.12630882235427 6.4727704962906 7.06992243733894 7.29316878704676 8.70767981903882 9.06247891997624 17.3716350116419 17.3838356620867 17.3838356620867 17.3838356620867 17.3838356620867 17.3838356620867 17.3838356620867 17.3838356620867 17.3838356620867 17.3838356620867 17.3838356620867 17.3838356620867 17.3716350116419 9.187070722073 8.80988638739314 8.39756542130521 7.97752322279794 6.61926693702751 6.43279152597507 6.27284764203491 6.9667047020557 6.43904387320002 4.93637356163183 5.92370021390578 5.68539958723818 5.32024419773618 4.76060091208541 3.48615861666792 3.10914852363422 2.79488768575298 2.58817079400444 2.41029851946502 11.2723597963354 11.2265315768618 11.1617520872838 2.13676064128053 2.11072212650472
5.78108443829631 5.63587113777662 5.63587113777662 5.92686678767289 6.40613558167659 6.61926693702751 6.56601721430461 6.97752322279794 7.10944381156053 8.42359065324836 8.74608088998727 7.94935242715178 17.3349538166007 17.3838356620867 17.3838356620867 17.3838356620867 17.3838356620867 17.3838356620867 17.3838356620867 17.3838356620867 17.3838356620867 17.3838356620867 17.3838356620867 17.3838356620867 17.3716350116419 9.09998143096012 8.73329019268592 7.37150993123915 7.96430382286905 7.52606221108553 7.0996848453114 7.01986530497205 6.62270336087081 6.07656500665069 5.83534078669572 5.71024861660637 5.39206368888622 4.93767175546983 4.41529477807172 4.01106743364717 3.87536308256635 3.71034966679572 2.5813113085447 3.43387957811981 3.31706548078402 3.22653157686177 3.17695229662078 3.13335827109776 2.09582309186844
5.83403825593492 6.00657083757268 6.03316246651187 6.31283215028322 6.61926693702751 6.8318726953665 6.88489421399052 7.1357634538892 7.26699916188574 8.50147801702057 8.79714527585235 8.02487198103642 17.3594211125121 17.3838356620867 17.3838356620867 17.3838356620867 17.3838356620867 17.3838356620867 17.3838356620867 17.3838356620867 17.3838356620867 17.3838356620867 17.3838356620867 17.3838356620867 18.2735581052197 8.78439409382609 8.41058186218897 8.16205989198898 7.79206800046804 7.28617531588204 6.79431612259607 6.5700940706674 6.26984491798823 5.74763013206313 4.41614514305126 5.27272811980926 4.90402494011591 4.42533610795701 4.04629126755519 3.74060077017525 3.50830897250229 3.40450022928062 3.4398714773937 3.34866899232189 3.24437391576719 3.17695229662078 3.16175208728376 3.11697841871566 3.07419745355847
5.7546352868754 6.01986530497205 6.27284764203491 6.44611861270596 6.57933237831364 6.56601721430461 6.79206800046804 7.09627551664549 7.37150993123915 8.64348849567598 8.8226173523884 8.049954783675 17.2735581052197 17.3838356620867 17.3838356620867 17.3838356620867 17.3838356620867 17.3838356620867 17.3838356620867 17.3838356620867 17.3838356620867 17.3838356620867 17.3838356620867 17.3838356620867 18.1124587377334 8.57906883171682 8.28008736688124 7.79206800046804 7.45944497067475 6.99327917441056 6.51758920717239 6.12788133072076 5.78513834179366 5.42821188821994 5.0055600697187 4.6957569479939 4.32617981700011 3.93369875468267 3.65877746378605 3.4398714773937 3.19281761546356 3.10165538013234 3.20934507283211 3.17695229662078 3.11382911733548 3.04103921759264 3.04893509859996 3.02732085744796 3.00999122430527
5.7546352868754 6.00657083757268 6.15294007882619 6.13962359491743 5.90032533530874 6.12630882235427 6.40613558167659 6.76551463470392 7.14891461889966 8.41058186218897 8.84804854002321 8.08749231304946 17.3349538166007 17.3838356620867 17.3838356620867 17.3838356620867 17.3838356620867 17.3838356620867 17.3838356620867 17.3838356620867 17.3838356620867 17.3838356620867 17.3838356620867 17.3594211125121 8.89878584391776 8.47554762483624 8.17519918263211 7.52606221108553 7.15294007882619 6.94014277214364 6.36077516825149 5.97446683920542 5.4888010216113 4.85947790775505 4.4455012771531 4.1182528411267 3.88359677301659 3.60200013628525 2.3595207129681 3.13676064128053 3.00738666703776 3.00293113428589 3.02015445522388 3.00283456283182 3.00125582274619 3.01113529925189 3.0046456291583 3.01017165343081 3.03769759950409
5.74141804593048 5.99327917441056 6.04646221227109 6.00657083757268 5.45211623008946 5.74141804593048 5.88706009015454 6.41946381429042 7.01715290259481 8.39756542130521 8.80988638739314 8.27355810521967 17.3838356620867 17.3838356620867 17.3838356620867 17.3838356620867 17.3838356620867 17.3838356620867 17.3838356620867 17.3838356620867 17.3838356620867 17.3838356620867 17.3838356620867 18.2612404760392 8.75886182407528 8.3193109220957 7.99073793200828 7.40613558167659 6.82079314405268 6.54382812479918 6.20516852446877 5.83534078669572 5.29644916627563 4.63180082512239 4.10914852363422 3.70287524997742 3.47040732517602 2.32744088406734 2.21785614195179 3.08198709094139 3.00094607991922 3.09637682037127 3.06486539016912 3.09351625801928 3.12078895711291 2.14087263953238 3.12403089068104 3.18161236914805 3.21015675785081
