saved_data/IBL.asc
ncols         590 
nrows         317 
xllcorner     21943.640595566 
yllcorner     524921.30757686 
cellsize      180 
NODATA_value  -9999 
[rows 0 to 21 of 317, columns 245 to 293 of 590]
-9999 -9999 -9999 -9999 -9999 -9999 -9999 -9999 -9999 -9999 -9999 -9999 -9999 -9999 -9999 -9999 -9999 -9999 -9999 -9999 -9999 -9999 -9999 -9999 -9999 -9999 -9999 -9999 -9999 -9999 -9999 -9999 -9999 -9999 -9999 -9999 -9999 -9999 -9999 -9999 -9999 -9999 -9999 -9999 -9999 -9999 -9999 -9999 -9999
-9999 -9999 -9999 -9999 -9999 -9999 -9999 -9999 -9999 -9999 -9999 -9999 -9999 -9999 -9999 -9999 -9999 -9999 -9999 -9999 -9999 -9999 -9999 -9999 -9999 -9999 -9999 -9999 -9999 -9999 -9999 -9999 -9999 -9999 -9999 -9999 -9999 -9999 -9999 -9999 -9999 -9999 -9999 -9999 -9999 -9999 -9999 -9999 -9999
-9999 -9999 -9999 -9999 -9999 -9999 -9999 -9999 -9999 -9999 -9999 -9999 -9999 -9999 -9999 -9999 -9999 -9999 -9999 -9999 -9999 -9999 -9999 -9999 -9999 -9999 -9999 -9999 -9999 -9999 -9999 -9999 -9999 -9999 -9999 -9999 -9999 -9999 -9999 -9999 -9999 -9999 -9999 -9999 -9999 -9999 -9999 -9999 -9999
-9999 -9999 -9999 -9999 -9999 -9999 -9999 -9999 -9999 -9999 -9999 -9999 -9999 -9999 -9999 -9999 -9999 -9999 -9999 -9999 -9999 -9999 -9999 -9999 -9999 -9999 -9999 -9999 -9999 -9999 -9999 -9999 -9999 -9999 -9999 -9999 -9999 -9999 -9999 -9999 -9999 -9999 -9999 -9999 -9999 -9999 -9999 -9999 -9999
-9999 -9999 -9999 -9999 -9999 -9999 -9999 -9999 -9999 -9999 -9999 -9999 -9999 -9999 -9999 -9999 -9999 -9999 -9999 -9999 -9999 -9999 -9999 -9999 -9999 -9999 -9999 -9999 -9999 -9999 -9999 -9999 -9999 -9999 -9999 -9999 -9999 -9999 -9999 -9999 -9999 -9999 -9999 -9999 -9999 -9999 -9999 -9999 -9999
-9999 -9999 -9999 -9999 -9999 -9999 -9999 -9999 -9999 -9999 -9999 -9999 -9999 -9999 -9999 -9999 -9999 -9999 -9999 -9999 -9999 -9999 -9999 -9999 -9999 -9999 -9999 -9999 -9999 -9999 -9999 -9999 -9999 -9999 -9999 -9999 -9999 -9999 -9999 -9999 -9999 -9999 -9999 -9999 -9999 -9999 -9999 -9999 -9999
-9999 -9999 -9999 -9999 -9999 -9999 -9999 -9999 -9999 -9999 -9999 -9999 -9999 -9999 -9999 -9999 -9999 -9999 -9999 -9999 -9999 -9999 -9999 -9999 -9999 -9999 -9999 -9999 -9999 -9999 -9999 -9999 -9999 -9999 -9999 -9999 -9999 -9999 -9999 -9999 -9999 -9999 -9999 -9999 -9999 -9999 -9999 -9999 -9999
-9999 -9999 -9999 -9999 -9999 -9999 -9999 -9999 -9999 -9999 -9999 -9999 -9999 -9999 -9999 -9999 -9999 -9999 -9999 -9999 -9999 -9999 -9999 -9999 -9999 -9999 -9999 -9999 -9999 -9999 -9999 -9999 -9999 -9999 -9999 -9999 -9999 -9999 -9999 -9999 -9999 -9999 -9999 -9999 -9999 -9999 -9999 -9999 -9999
3.04728538027242 -9999 -9999 -9999 -9999 -9999 -9999 -9999 -9999 -9999 -9999 -9999 -9999 -9999 -9999 -9999 -9999 -9999 -9999 -9999 -9999 -9999 -9999 -9999 -9999 -9999 -9999 -9999 -9999 -9999 -9999 -9999 -9999 -9999 -9999 -9999 -9999 -9999 -9999 -9999 -9999 -9999 -9999 -9999 -9999 -9999 -9999 -9999 -9999
3.17000084825036 3.11131667882689 3.05355536369508 3.02460495122671 2.13400968053887 2.14790356964617 2.09637682037127 2.01113529925189 2.02150097107562 2.11072212650472 2.16175208728376 2.23093080514973 2.23985202664649 2.14020505262915 2.09582309186844 2.18085638629447 2.37609396579384 2.5609545328175 3.74825147767487 2.95919544102921 2.63009809095256 2.3930204881957 3.26759402183137 3.29679438376168 3.14721983662066 -9999 -9999 -9999 -9999 -9999 -9999 -9999 -9999 -9999 -9999 -9999 -9999 -9999 -9999 -9999 -9999 -9999 -9999 -9999 -9999 -9999 -9999 -9999 -9999
2.10824388391205 2.01428731792158 2.00235868700078 2.03383401670474 2.00153781668659 11.0006799792225 2.00345902244312 2.00754195676583 2.00125582274619 2.00192643658038 2.00391716768115 2.02150097107562 2.02432418329701 2.00192643658038 2.00200621960955 2.01298759435491 2.10463522211214 2.38169697398599 3.86716296439942 2.74825147767487 3.36500577114885 3.20515130003256 3.11072212650472 3.12667981352274 3.03917311070321 3.00003945347642 3.01909872062548 3.02316330817728 3.13400968053887 3.40561290332766 3.58262833384751 -9999 -9999 -9999 -9999 -9999 -9999 -9999 -9999 -9999 -9999 -9999 -9999 -9999 -9999 -9999 -9999 -9999 -9999
2.00925154057175 2.02015445522388 3.10165538013234 3.22217333883423 3.19281761546356 3.17695229662078 3.12667981352274 2.04490091325263 2.01194528841893 2.02732085744796 2.04490091325263 2.01298759435491 2.00200621960955 2.0557314323773 2.06968980010154 2.00067997922251 11.1299979820255 3.59506709613192 3.85086381162404 2.44590189309523 3.16548962769772 3.04893509859996 3.00999122430527 3.00235868700078 3.01660610581455 3.11758925229475 3.24071894907889 3.17382976381809 3.33899746177391 3.65294063593395 3.64574571180335 -9999 -9999 -9999 -9999 -9999 -9999 -9999 -9999 -9999 -9999 -9999 -9999 -9999 -9999 -9999 -9999 -9999 -9999
3.04490091325263 3.21358003663355 3.3930204881957 3.46422354230066 3.44590189309523 3.53433230186677 3.53433230186677 3.43387957811981 12.3760939657938 3.43387957811981 3.41029851946502 2.16548962769772 2.03383401670474 2.01094649446414 2.04294849262349 2.16548962769772 3.3595207129681 3.73298514950865 3.75593718565027 2.42792626429574 3.13676064128053 3.01759168363267 3.00345902244312 3.06251750162243 3.22300875573817 3.45314291996458 3.76514739321608 3.57579863799749 3.78070639513407 2.86056526440301 3.50312807087962 3.15876418670576 3.00293113428589 2.03214079766257 2.1234038045616 2.27716602687028 2.30180204632998 2.32223324423027 2.50830897250229 2.79488768575298 4.09103292349387 4.40528109536384 5.16692442201355 5.42821188821994 5.66060925947583 4.5866000595083 4.17860276797821 3.99419106269114 3.77149283980899
3.40450022928062 3.51475839521534 3.54756885674456 3.54093190114672 3.54756885674456 3.52777013443097 3.48288931470095 3.51475839521534 3.56770310027304 3.49552339053257 3.53433230186677 3.55424309273947 3.42792626429574 12.4220116045256 12.5343323018668 12.5609545328175 3.7870282829496 3.8107098277068 3.59506709613192 2.35407509900845 3.12999798202554 3.01407339994336 3.03080496827305 3.18956103551357 3.58262833384751 3.93532523108979 3.26990034280399 3.2412130087751 3.22223560639019 2.8934585305107 3.44102884836885 3.12078895711291 3.0016092040372 3.00452388388705 3.04294849262349 3.11697841871566 3.07934781862531 3.04689645643016 3.22217333883423 2.48288931470095 2.66603754462233 2.85899651027418 4.47595367855429 4.88170598314871 5.33216916071959 5.47664953857154 5.8857550745641 4.62353592760462 4.13200865116976
3.51475839521534 3.53433230186677 2.37609396579384 2.30684982252446 2.26759402183137 2.18085638629447 2.12999798202554 2.15805629488607 2.21358003663355 2.22217333883423 3.32223324423027 3.5609545328175 3.70287524997742 3.70287524997742 3.71785951234388 3.7870282829496 3.71034966679572 2.57448871801029 2.40450022928062 3.26286875884255 3.12016999362699 3.00063378357978 3.10521346521549 3.39411815965262 2.95230288774174 3.48812531987234 3.80642359389579 3.85052837976936 3.56034226264392 2.95230288774174 3.40561290332766 3.12078895711291 3.05142231542149 3.03590957813241 3.0053043336736 3.00391716768115 3.00005205298406 3.01660610581455 3.01298759435491 3.11072212650472 2.20934507283211 2.36500577114885 2.85899651027418 4.22041606779977 4.63180082512239 4.98284361553041 5.71024861660637 6.07656500665069 4.72269484522639
3.48918737793676 3.3326883398761 3.1234038045616 3.03735019399117 3.02015445522388 3.00391716768115 3.0002493180311 3.00586810796155 3.04294849262349 2.0667928062473 3.07675126263406 3.21358003663355 3.3595207129681 3.41029851946502 3.3930204881957 3.52777013443097 3.42792626429574 3.27716602687028 3.12016999362699 3.09016089245935 3.00089148636121 3.11443181382856 3.54220607174411 3.91010575219055 3.52923336395281 4.18085215520122 4.46684841130405 4.28686186374298 3.82842943908814 3.37731555923079 3.78070639513407 3.37159772484583 3.30277021519762 3.26377483501377 3.15510214089167 3.07468553006739 3.10222545837702 3.17770028589297 3.0557314323773 3.00345902244312 3.03735019399117 2.16926887232546 2.44590189309523 2.7870282829496 4.27766784120765 4.87058052754934 5.29644916627563 5.8857550745641 6.10220168997306
3.28689963182629 3.09871799186459 3.00014355882838 3.02608995656769 2.03952882847855 2.06725616572451 2.12403089068104 2.09637682037127 3.0016092040372 3.0002493180311 3.00403052298841 3.00452388388705 3.05101681570005 3.10165538013234 3.10765748275131 3.18480200019592 3.10463522211214 3.09297071420961 3.02015445522388 3.00821130006321 3.03590957813241 3.32844749811247 3.82821179828008 3.30855870761366 4.11105830860811 4.77502907976193 4.92613783593457 4.55216062035226 4.20427529639038 3.86161247365755 3.33785524752358 3.02151443219016 2.9608408342178 2.82020845741124 2.60333838706942 2.45925753619789 2.50954702927545 2.471601577797 3.14436712864228 3.01319314366789 3.01637545819469 2.14020505262915 2.416135666994 3.86716296439942 4.46577573661806 5.12041020966253 4.44029581971669 5.54980488577393 5.83534078669572
3.03917311070321 3.01909872062548 2.15510214089167 2.2186836578627 2.22300875573817 3.33899746177391 3.471601577797 3.27328146074666 2.06251750162243 2.06021252776986 2.20595505533195 3.06968980010154 3.01113529925189 3.0090794892429 3.0011928319191 3.00517419987907 3.01298759435491 3.04103921759264 3.00283456283182 3.02918998340807 3.17000084825036 3.55553160735519 2.99531785488637 3.63383785053233 4.41846566293221 4.97691381625721 4.88818543939843 4.4789864099377 4.11105830860811 3.87271949643372 3.74097379270689 3.70857388787827 3.68709640188422 3.61271085618812 3.26990034280399 3.14752377405468 2.98665000566692 2.56900589999072 2.17382976381809 3.00600662873941 3.05752016838535 2.36500577114885 3.81867238897335 4.40528109536384 4.8928541591737 3.48615861666792 3.8928541591737 4.08573698007333 5.47664953857154
3.00063378357978 2.10222545837702 3.44706666737686 3.70431070677736 3.74972763063997 3.97801448861019 3.92688570993481 3.43502953245951 3.18556596778072 3.37716903847508 3.56225019738638 3.22737488500373 3.02608995656769 3.01783069203146 3.0557314323773 3.02041017660342 3.0011928319191 2.02150097107562 3.00125582274619 3.07724756677889 3.24071894907889 2.58262833384751 3.01275016477886 3.62326163941345 4.35837698104198 4.77502907976193 4.55216062035226 4.09949659398207 3.68709640188422 3.38725104495274 3.46773205476066 3.63383785053233 3.73014948535683 3.8950018674239 3.79545586884958 3.51891643773244 2.98665000566692 2.46541044572884 2.17000084825036 3.00600662873941 2.07168642149051 2.37053021006408 3.87536308256635 4.53758442004955 3.37540700679927 3.07304203423353 3.30668846087017 3.60016330397292 4.97151784481614
3.01214246663547 2.22300875573817 3.74207018169302 4.32806111030725 4.73014948535683 3.90617698470051 3.40720575652789 3.74972763063997 3.471601577797 3.70431070677736 3.79640393526761 3.36606571568213 3.10222545837702 3.09927989854411 3.21015675785081 3.06725616572451 3.00003945347642 3.00738666703776 3.02316330817728 3.14436712864228 3.42314668592888 2.82821179828008 3.23170948973182 3.75182228777822 4.31062713514433 4.35837698104198 4.03056056625117 3.67639473328927 3.27952136610525 2.99531785488637 2.96941139959991 3.06581300218378 3.17531433377295 3.41722476743364 3.68709640188422 3.30855870761366 2.76514739321608 2.38277959213472 3.11131667882689 3.00089148636121 2.13676064128053 3.46422354230066 3.91686541120458 4.40528109536384 2.95919544102921 2.68066541593301 2.81867238897335 3.05517664924622 3.34578560899788
2.06486539016912 3.36057307498719 3.95230288774174 3.71934947928153 4.46684841130405 4.68778775244631 3.98502538973613 4.15675687244468 3.88518492825106 4.08375330920645 3.02151443219016 3.51600370345108 3.22737488500373 3.20595505533195 3.33899746177391 3.12078895711291 3.00837497155989 3.00027871630225 3.07985234455857 3.27328146074666 2.64574571180335 3.12000822254673 3.52923336395281 3.87271949643372 4.33446582471621 4.14586517619882 3.61271085618812 3.26030853929058 2.91847918572423 2.66017163954536 2.58262833384751 2.66017163954536 2.74207018169302 2.82020845741124 2.99531785488637 2.68208030438521 2.36606571568213 2.16246801556041 3.01319314366789 3.07168642149051 3.34866899232189 3.75593718565027 4.03743755740228 3.14575066071861 2.67333355626103 2.39874086335947 2.48918737793676 2.65155339615384 2.85899651027418
2.3551198663311 3.87694478843795 4.56034226264392 4.28686186374298 4.91347449654458 5.01512121909638 4.41846566293221 3.52923336395281 3.37731555923079 3.44744712638802 3.28917150460268 2.78853789195936 3.471601577797 3.38277959213472 2.49674690187296 3.21015675785081 3.04332082222396 3.02041017660342 3.1514819210536 3.44102884836885 2.91010575219055 3.40720575652789 3.91737456899429 4.34641240403146 4.63825528529449 4.07643473231337 3.42727140475742 3.03913870657396 2.696864963311 3.47783086123085 12.4350295324595 2.39411815965262 2.34970615284957 2.37716903847508 2.51600370345108 2.31805675119048 2.13742014332357 2.01909872062548 3.01407339994336 3.23537097234889 3.58817079400444 3.94216485494349 2.99364749576703 2.5813113085447 2.21785614195179 2.13676064128053 2.23985202664649 2.3595207129681 2.51475839521534
