saved_data/IBL.asc
ncols         590 
nrows         317 
xllcorner     21943.640595566 
yllcorner     524921.30757686 
cellsize      180 
NODATA_value  -9999 
[rows 44 to 65 of 317, columns 343 to 391 of 590]
9.1793131688829 9.25704354403933 9.42078271658223 10.73630659913 11.2158007463109 20.4866701492537 19.5473575249219 19.5387463177278 10.5387463177278 19.5473575249219 19.5559492549313 20.5645215065797 19.5645215065797 20.5645215065797 20.5559492549313 20.5645215065797 20.5645215065797 20.5645215065797 20.5645215065797 20.5730742789252 20.5730742789252 20.5730742789252 19.5645215065797 19.5730742789252 19.5730742789252 19.5730742789252 19.5730742789252 19.5559492549313 19.5559492549313 20.5559492549313 11.5645215065797 19.5816075712592 19.5730742789252 19.5816075712592 19.5730742789252 19.5730742789252 19.5816075712592 19.5730742789252 20.5730742789252 20.5387463177278 20.4161455353248 10.3443774259251 11.262155740332 11.1595392433724 10.0061382403315 9.86792825030584 9.52775439353047 18.4851785243189 18.4530600885388
8.26124047603921 8.49303524915329 8.87193305865932 9.29010187391857 10.8478833880814 11.1689642143954 11.4338933621946 11.4603692906653 10.4866701492537 10.5387463177278 11.5473575249219 20.5559492549313 19.5645215065797 19.5645215065797 19.5645215065797 19.5645215065797 19.5559492549313 19.5645215065797 19.5645215065797 20.5730742789252 20.5645215065797 20.5473575249219 20.5559492549313 19.5645215065797 19.5559492549313 19.5645215065797 19.5559492549313 19.5559492549313 19.5645215065797 20.5645215065797 11.5559492549313 19.5730742789252 19.5730742789252 19.5730742789252 19.5730742789252 19.5730742789252 19.5730742789252 19.5730742789252 19.5730742789252 20.5730742789252 20.5214654776655 20.5387463177278 20.5127958483277 11.425029166606 10.2344006010903 9.86792825030584 9.57004422515174 18.5171371668734 18.4530600885388
7.21458025872063 7.44958494643788 8.06247891997624 8.33495381660068 9.35575471585643 10.7974449282108 11.2251103099079 11.3983199850584 10.4603692906653 20.5214654776655 20.5473575249219 20.5645215065797 19.5645215065797 19.5645215065797 19.5730742789252 19.5645215065797 19.5645215065797 19.5645215065797 19.5645215065797 20.5473575249219 20.5559492549313 19.5559492549313 19.5559492549313 19.5559492549313 19.5645215065797 19.5645215065797 19.5559492549313 19.5645215065797 19.5730742789252 20.5645215065797 20.5559492549313 10.5559492549313 10.5730742789252 10.5730742789252 19.5730742789252 19.5645215065797 19.5645215065797 19.5730742789252 19.5816075712592 19.5816075712592 20.5559492549313 20.5645215065797 20.5730742789252 20.4515634283934 10.2064719206734 10.0158687017244 9.68485125501341 18.5805717669407 18.4958492015874
6.45944497067475 7.05673783696064 7.3193109220957 7.83533809508221 8.51715098403448 9.26808006781005 10.817676143152 11.2344006010903 11.3893780763775 11.4779226545354 20.5473575249219 19.5645215065797 19.5730742789252 19.5730742789252 19.5730742789252 19.5730742789252 19.5645215065797 19.5645215065797 20.5559492549313 11.5473575249219 19.5559492549313 19.5559492549313 19.5645215065797 19.5559492549313 19.5559492549313 19.5559492549313 19.5645215065797 19.5559492549313 19.5559492549313 19.5645215065797 19.5730742789252 19.5559492549313 19.5645215065797 19.5645215065797 19.5645215065797 19.5559492549313 19.5645215065797 19.5816075712592 19.5645215065797 19.5730742789252 19.5645215065797 19.5730742789252 19.5730742789252 20.5559492549313 11.326241434051 11.0738522856374 9.8378329455601 9.66414087519989 9.60157274907599
5.55695777687818 6.61926693702751 7.22769471978312 7.51443089722981 7.89878584391776 8.61305060991501 10.5383537424609 10.9473577710801 11.1121267228333 11.326241434051 19.53011563476 19.5645215065797 19.5730742789252 19.5645215065797 19.5730742789252 19.5645215065797 19.5645215065797 19.5559492549313 20.5387463177278 20.5645215065797 19.5559492549313 19.5645215065797 19.5730742789252 19.5730742789252 19.5730742789252 19.5730742789252 19.5730742789252 19.5645215065797 19.5730742789252 19.5645215065797 19.5730742789252 19.5645215065797 19.5730742789252 19.5730742789252 19.5559492549313 19.5559492549313 19.5645215065797 19.5645215065797 19.5730742789252 19.5730742789252 19.5730742789252 19.5816075712592 19.5816075712592 20.5730742789252 20.4515634283934 11.2158007463109 9.9670268996162 9.8378329455601 9.86792825030584
4.67299702582088 5.94014277214364 7.05673783696064 7.74608088998727 8.28586299077032 9.26808006781005 9.53835374246085 9.42078271658223 10.7974449282108 11.0546005630903 11.4161455353248 19.5645215065797 19.5645215065797 19.5730742789252 19.5730742789252 19.5645215065797 19.5645215065797 19.5645215065797 20.5473575249219 19.5645215065797 19.5473575249219 19.5559492549313 19.5730742789252 19.5730742789252 19.5730742789252 19.5645215065797 19.5730742789252 19.5730742789252 19.5645215065797 19.5559492549313 19.5730742789252 19.5730742789252 19.5730742789252 19.5645215065797 19.5730742789252 19.5559492549313 19.5730742789252 19.5816075712592 19.5730742789252 19.5816075712592 19.5816075712592 19.5816075712592 19.5816075712592 19.5816075712592 20.53011563476 20.2988921951266 9.93749490394631 10.0546005630903 11.1025867749651
13.3321691607196 14.6358711377766 16.0435479858854 8.54121084676588 9.12328794505092 9.36663631119946 8.8254082028891 8.7551608588765 9.48517852431886 10.7771394775158 11.1025867749651 20.4953981816436 19.5816075712592 19.5730742789252 19.5730742789252 19.5730742789252 19.5645215065797 20.5559492549313 20.5559492549313 19.5473575249219 19.5473575249219 19.5559492549313 19.5645215065797 19.5645215065797 19.5730742789252 19.5645215065797 19.5645215065797 19.5730742789252 19.5645215065797 19.5730742789252 19.5730742789252 19.5730742789252 19.5645215065797 19.5816075712592 19.5645215065797 19.5730742789252 19.5730742789252 19.5730742789252 19.5730742789252 19.5816075712592 19.5816075712592 19.5816075712592 19.5730742789252 19.5816075712592 20.5816075712592 20.5473575249219 11.1406317307639 10.0930277102058 11.2805626259751
5.32175241774274 15.5793323783136 16.9240907700746 8.97569876286776 8.97569876286776 8.27355810521967 8.09998143096012 8.3471940267187 8.70802732086281 9.34485576291432 10.7465425075287 11.2344006010903 19.5559492549313 19.5730742789252 19.5816075712592 19.5730742789252 19.5645215065797 20.5387463177278 20.5559492549313 19.5387463177278 19.5387463177278 19.5473575249219 19.5559492549313 19.5730742789252 19.5730742789252 19.5645215065797 19.5645215065797 19.5645215065797 19.5645215065797 19.5645215065797 19.5730742789252 19.5645215065797 19.5730742789252 19.5730742789252 19.5645215065797 19.5816075712592 19.5730742789252 19.5645215065797 19.5645215065797 19.5816075712592 19.5730742789252 19.5816075712592 19.5816075712592 19.5816075712592 19.5816075712592 20.5816075712592 20.4338933621946 20.3353191183338 11.4427381175541
6.27284764203491 16.6563453465768 17.6725209986564 8.28586299077032 7.64348849567598 7.18833240057613 7.26699916188574 7.88611733839412 8.45675790923334 9.02140315906037 9.46378393620437 10.9670268996162 11.4072424731327 19.5816075712592 19.5730742789252 19.5645215065797 19.5645215065797 20.5559492549313 20.5559492549313 19.5214654776655 19.5559492549313 19.5559492549313 19.5559492549313 19.5473575249219 19.5559492549313 19.5473575249219 19.5559492549313 19.5559492549313 19.5645215065797 19.5730742789252 19.5730742789252 19.5730742789252 19.5730742789252 19.5730742789252 19.5645215065797 19.5730742789252 19.5816075712592 19.5816075712592 19.5730742789252 19.5816075712592 19.5730742789252 19.5730742789252 19.5816075712592 19.5816075712592 19.5730742789252 19.5730742789252 20.5730742789252 20.5730742789252 20.5730742789252
7.10944381156053 8.39602300214302 7.79714527585235 6.45944497067475 6.29950352067137 6.27284764203491 6.80533971013734 7.51443089722981 8.19946344626544 8.76690671068446 9.34485576291432 10.8579151632647 11.308027964786 19.5559492549313 19.5816075712592 19.5730742789252 19.5645215065797 20.5559492549313 20.5559492549313 19.5645215065797 10.5127958483277 10.4953981816436 10.5473575249219 19.5473575249219 19.5473575249219 19.5559492549313 19.5645215065797 19.5559492549313 19.5645215065797 19.5645215065797 19.5645215065797 19.5816075712592 19.5645215065797 19.5645215065797 19.5730742789252 19.5816075712592 19.5816075712592 19.5816075712592 19.5645215065797 19.5730742789252 19.5730742789252 19.5730742789252 19.5816075712592 19.5816075712592 19.5730742789252 19.5816075712592 20.5730742789252 19.5730742789252 20.5816075712592
7.50147801702057 8.19946344626544 6.91138120474277 5.42597920013403 5.06376307050821 5.46519615455656 6.13962359491743 7.08310169461394 7.84804854002321 8.42035750586536 8.99858311979946 9.61204613287765 11.1595392433724 11.5127958483277 19.5730742789252 19.5730742789252 19.5645215065797 20.5645215065797 20.5473575249219 20.5387463177278 20.53011563476 20.5387463177278 20.5473575249219 19.5559492549313 19.5559492549313 19.5559492549313 19.5559492549313 19.5559492549313 19.5559492549313 19.5645215065797 19.5730742789252 19.5645215065797 19.5645215065797 19.5473575249219 19.5645215065797 19.5730742789252 19.5816075712592 19.5816075712592 19.5730742789252 19.5730742789252 19.5730742789252 19.5816075712592 19.5816075712592 19.5816075712592 19.5816075712592 20.5730742789252 20.5730742789252 19.5645215065797 19.5816075712592
7.92409077007463 7.41058186218897 6.15294007882619 4.86052192817222 3.97151784481614 4.42821188821994 5.29578072919164 6.35281952992287 7.3193109220957 7.87343823636705 8.35942111251211 9.06684886071771 10.6848512550134 11.1783699791973 20.5387463177278 19.5730742789252 19.5645215065797 19.5645215065797 19.5559492549313 19.5559492549313 19.5559492549313 20.5559492549313 20.5473575249219 20.5645215065797 19.5473575249219 19.5473575249219 19.5559492549313 19.5559492549313 19.5559492549313 19.5473575249219 19.5559492549313 19.5645215065797 19.5473575249219 19.5559492549313 19.5559492549313 19.5816075712592 19.5816075712592 19.5730742789252 19.5730742789252 19.5730742789252 19.5730742789252 19.5816075712592 19.5816075712592 19.5816075712592 20.5645215065797 20.5730742789252 20.5730742789252 19.5645215065797 19.5730742789252
7.14891461889966 6.00657083757268 5.01266746641782 4.13200865116976 3.19219052616825 3.34578560899788 4.10883203887798 5.28280828021457 6.44611861270596 7.18833240057613 7.8226173523884 8.49303524915329 9.21272752488134 10.7567599724725 11.2436716097459 20.5730742789252 19.5645215065797 19.5730742789252 19.5645215065797 19.5559492549313 19.5559492549313 19.5559492549313 20.5473575249219 20.5559492549313 20.5559492549313 19.5387463177278 19.5473575249219 19.5473575249219 19.5559492549313 19.5559492549313 19.5559492549313 19.5559492549313 19.5559492549313 19.5473575249219 19.5645215065797 19.5816075712592 19.5730742789252 19.5816075712592 19.5816075712592 19.5645215065797 19.5730742789252 19.5730742789252 19.5730742789252 20.5730742789252 20.5730742789252 20.5730742789252 19.5816075712592 19.5730742789252 19.5816075712592
5.63587113777662 4.69781682405606 3.81529808959496 3.08202184031131 2.52124547396955 2.74060077017525 3.42533610795701 4.4888010216113 5.55695777687818 6.23286887037491 7.04354798588536 8.01231345543098 8.79035301349746 9.34485576291432 10.8878982781737 11.4427381175541 19.5730742789252 19.5816075712592 19.5645215065797 19.5645215065797 19.5645215065797 19.5559492549313 19.5559492549313 20.5559492549313 20.5559492549313 19.5559492549313 19.5559492549313 19.5559492549313 19.5645215065797 19.5559492549313 19.5473575249219 19.5473575249219 19.5473575249219 19.5473575249219 19.5559492549313 19.5559492549313 19.5645215065797 19.5730742789252 19.5730742789252 19.5730742789252 19.5730742789252 19.5559492549313 19.5559492549313 20.5730742789252 20.5816075712592 19.5816075712592 19.5816075712592 19.5816075712592 19.5816075712592
4.97446683920542 4.0055600697187 3.06409360429467 2.50189727976404 2.19688752303625 2.25353998706998 2.63721362826123 3.39529516759156 4.23728734975528 4.93637356163183 5.66222443445646 7.16205989198898 8.27355810521967 8.92973855025099 9.54893518373986 11.1500950780868 11.4072424731327 19.5473575249219 19.5730742789252 19.5730742789252 19.5645215065797 19.5645215065797 19.5559492549313 19.5559492549313 20.5387463177278 11.5387463177278 19.5559492549313 19.5473575249219 19.5473575249219 19.5559492549313 19.5559492549313 19.5645215065797 19.5559492549313 19.5559492549313 19.5559492549313 19.5645215065797 19.5730742789252 19.5730742789252 19.5730742789252 19.5730742789252 19.5730742789252 19.5559492549313 19.5559492549313 19.5730742789252 19.5730742789252 19.5730742789252 19.5816075712592 19.5816075712592 19.5730742789252
4.96175699346655 3.8928541591737 2.92526557544134 2.24893658697414 2.02150097107562 2.02580084629396 2.1234038045616 2.51475839521534 3.19219052616825 3.82630821502194 4.57431920937745 6.00657083757268 7.43659170954758 8.38383566208674 9.01000120158426 10.6951790150645 10.9572017756274 11.2251103099079 19.5127958483277 19.5730742789252 19.5730742789252 19.5730742789252 19.5559492549313 19.5473575249219 20.5473575249219 20.5473575249219 20.5473575249219 19.5559492549313 19.5559492549313 19.5473575249219 19.5645215065797 19.5559492549313 19.5473575249219 19.5559492549313 19.5559492549313 19.5645215065797 19.5730742789252 19.5730742789252 19.5816075712592 19.5730742789252 19.5645215065797 19.5645215065797 19.5473575249219 10.5473575249219 19.5645215065797 19.5816075712592 19.5730742789252 19.5816075712592 19.5730742789252
4.76011895099846 3.87058052754934 2.76365780739421 2.12667981352274 2.00244686476421 2.01319314366789 2.00675250604539 2.05530937591707 2.45807799561009 3.00234138566496 3.81529808959496 5.20516852446877 6.4727704962906 7.72048980974483 8.45675790923334 9.2349194430086 9.63293854682829 10.8878982781737 20.3171443803571 19.5816075712592 19.5730742789252 19.5730742789252 19.5645215065797 19.5559492549313 19.5473575249219 20.5559492549313 20.5559492549313 20.5473575249219 19.5473575249219 19.5473575249219 19.5559492549313 19.5559492549313 19.5645215065797 19.5473575249219 19.5559492549313 19.5730742789252 19.5730742789252 19.5816075712592 19.5730742789252 19.5645215065797 19.5559492549313 19.5730742789252 19.5559492549313 10.5041067488674 19.5559492549313 19.5816075712592 19.5730742789252 19.5730742789252 19.5730742789252
3.58966866007049 3.4455012771531 2.64436542375825 2.07419745355847 2.02041017660342 2.06486539016912 2.06251750162243 2.00153781668659 2.20099876725154 2.63721362826123 3.35563115338424 4.54980488577393 5.74141804593048 6.87164463232334 7.8607486120651 8.8487015667366 9.35575471585643 10.6120461328776 11.0158687017244 20.5473575249219 19.5730742789252 19.5730742789252 19.5730742789252 19.5645215065797 19.5473575249219 19.5473575249219 20.5559492549313 20.5387463177278 20.5473575249219 19.5473575249219 19.5473575249219 19.5645215065797 19.5473575249219 19.5645215065797 19.5730742789252 19.5645215065797 19.5730742789252 19.5730742789252 19.5730742789252 19.5645215065797 19.5730742789252 19.5730742789252 19.5645215065797 19.5559492549313 19.5559492549313 19.5645215065797 19.5645215065797 19.5730742789252 19.5645215065797
2.67333355626103 2.65877746378605 2.5813113085447 2.09871799186459 2.01783069203146 2.11758925229475 2.13400968053887 2.05795049579465 2.00192643658038 2.12999798202554 2.56770310027304 3.73888911669113 4.62353592760462 5.68860062613207 6.49941863719453 8.31043427433398 8.94125242574795 9.29010187391857 10.7974449282108 11.4953981816436 19.5730742789252 19.5730742789252 19.5645215065797 19.5645215065797 19.5645215065797 19.5559492549313 19.5473575249219 20.53011563476 20.5473575249219 20.5387463177278 20.5559492549313 10.5214654776655 19.5387463177278 19.5473575249219 19.5730742789252 19.5730742789252 19.5559492549313 19.5645215065797 19.5730742789252 19.5730742789252 19.5730742789252 19.5645215065797 19.5645215065797 19.5473575249219 19.5559492549313 19.5645215065797 19.5645215065797 19.5730742789252 19.5730742789252
2.18480200019592 2.13335827109776 2.18878909213901 2.05977393448758 2.02608995656769 2.18556596778072 2.23178199468526 2.15876418670576 2.07216626461206 2 2.11697841871566 2.80278156359629 3.43540497704633 4.23728734975528 5.21808468836853 7.14891461889966 8.33495381660068 8.70802732086281 10.2901018739186 11.2251103099079 20.5473575249219 19.5730742789252 19.5645215065797 19.5559492549313 19.5559492549313 19.5559492549313 19.5559492549313 19.5387463177278 20.53011563476 20.5473575249219 20.5387463177278 19.53011563476 19.5473575249219 19.5645215065797 19.5645215065797 19.5559492549313 19.5473575249219 19.5559492549313 19.5645215065797 19.5645215065797 19.5645215065797 19.5473575249219 19.5387463177278 19.5473575249219 19.5559492549313 19.5645215065797 19.5645215065797 19.5730742789252 19.5730742789252
2.00094607991922 2.00045752380581 2.00000419985245 2.00600662873941 2.14436712864228 2.32844749811247 2.36606571568213 2.27328146074666 2.19767539080168 2.05142231542149 2.00517419987907 2.2918268930124 2.90849835564456 3.76060091208541 13.8605219281722 15.446118612706 7.74608088998727 8.32270054481452 8.99858311979946 10.8679282503058 11.3714360195395 19.5214654776655 19.5559492549313 19.5645215065797 19.5559492549313 19.5645215065797 19.5473575249219 19.5559492549313 20.5473575249219 20.5473575249219 20.5559492549313 19.5473575249219 19.5559492549313 19.5645215065797 19.5645215065797 19.5645215065797 19.5559492549313 19.5559492549313 19.5645215065797 19.5645215065797 19.5473575249219 19.5387463177278 19.5214654776655 19.5559492549313 19.5559492549313 19.5645215065797 19.5730742789252 19.5816075712592 19.5730742789252
2.18556596778072 2.22300875573817 2.24071894907889 2.2544304327887 2.39984604249227 2.51600370345108 2.48409822444907 2.34433199724273 2.18556596778072 2.02316330817728 2.05977393448758 2.45197075578547 3.20156910954247 13.0283622965121 13.9744668392054 6.41946381429042 7.29316878704676 8.02487198103642 8.71983312072046 9.44231858109484 11.0352726608857 20.4338933621946 20.5387463177278 19.5473575249219 19.5559492549313 19.5473575249219 20.5559492549313 20.5559492549313 11.5559492549313 20.5559492549313 20.5387463177278 19.5559492549313 19.5559492549313 19.5473575249219 19.5559492549313 19.5473575249219 19.5473575249219 19.5559492549313 19.5473575249219 19.5473575249219 19.5387463177278 19.5214654776655 19.5559492549313 19.5473575249219 19.5645215065797 19.5645215065797 19.5730742789252 19.5730742789252 19.5730742789252
