saved_data/IBL.asc
ncols         590 
nrows         317 
xllcorner     21943.640595566 
yllcorner     524921.30757686 
cellsize      180 
NODATA_value  -9999 
[rows 132 to 153 of 317, columns 196 to 244 of 590]
17.3594211125121 17.3594211125121 17.3594211125121 17.3471940267187 17.310434274334 7.99974360797448 7.41058186218897 7.20145945584106 6.93785132809373 6.59264578763312 6.36614880172458 6.25952060545226 5.87379864778416 5.78108443829631 5.94014277214364 5.17936569417191 4.5866000595083 4.06272441504299 3.64239748967851 3.17352366363787 2.96775973733512 2.47662927314364 2.25818406239788 2.21358003663355 2.47662927314364 2.94216485494349 3.70650327889312 4.36805241120117 5.46519615455656 6.87164463232334 8.43659170954758 8.38454141581929 8.29316878704676 7.9510798264664 7.01986530497205 5.97446683920542 5.61120853827031 5.14362724564079 5.03979528258084 4.70650327889313 4.58966866007049 4.08202184031131 3.64436542375825 3.31193765370474 3.16175208728376 3.09016089245935 3.00235868700078 3.10824388391205 2.34433199724273
17.3594211125121 17.3594211125121 17.3594211125121 17.3594211125121 17.3594211125121 17.29815506845 7.88611733839412 7.39756542130521 7.04354798588536 6.75223317442104 6.4727704962906 6.31283215028322 6.04646221227109 5.94014277214364 5.64904486711354 5.10220168997306 4.61120853827031 4.08573698007333 3.67433838727102 3.46577573661806 3.14575066071861 2.77141325585113 2.52777013443097 2.43387957811981 2.85086381162404 3.47595367855429 4.29644916627563 4.92370021390578 5.66222443445646 7.9510798264664 8.39756542130521 8.3193109220957 8.25390426010749 7.73894866015338 6.74141804593048 5.73515539026072 5.10883203887798 4.77149283980899 4.61068362048855 4.26805243220499 4.08202184031131 3.74060077017525 3.43387957811981 3.15805629488607 3.06921819602265 3.02888419879519 2 2.11758925229475 2.42314668592888
17.3594211125121 17.3594211125121 17.3594211125121 17.3594211125121 17.3594211125121 17.3594211125121 7.99974360797448 7.54031161132115 7.25390426010749 7.03035297678472 6.67248373556302 6.39280693237325 6.12630882235427 5.97999042575687 5.66222443445646 5.06376307050821 4.52535452842518 4.13200865116976 3.87058052754934 3.78240863562509 3.47595367855429 2.92526557544134 2.77920344361871 2.84276495955574 3.28731238555065 4.23728734975528 4.96175699346655 5.36077516825149 6.33949026051642 8.20145945584106 8.37150993123915 8.25390426010749 8.1357634538892 7.67248373556302 6.6754097255144 4.77262172744445 4.97151784481614 4.56875683526126 4.35563115338424 3.95919544102921 3.68066541593301 3.416135666994 3.20099876725154 3.06207064764006 3.04689645643016 2.00041972662516 2.02460495122671 2.13742014332357 2.34970615284957
17.3594211125121 17.3594211125121 17.3594211125121 17.3594211125121 17.3594211125121 17.3594211125121 8.09998143096012 7.73329019268593 7.42359065324836 7.16205989198898 6.8583911210949 6.43279152597507 6.11299586960167 6.03316246651187 5.66222443445646 5.05097222962596 4.59889654235378 4.33216916071959 4.30833749329147 4.17860276797821 3.85947790775505 3.33596846147039 3.17352366363787 2.97635657562604 3.34578560899788 4.47664953857154 5.21808468836853 5.83403825593492 7.00394785651525 7.39756542130521 8.35847105335772 8.25390426010749 7.92461842251287 7.11299586960167 6.2439459239724 4.45239681819825 4.70650327889313 4.41529477807172 4.14575066071861 3.64436542375825 3.39874086335947 3.14020505262915 3.03917311070321 3.01298759435491 3.00235868700078 2.04728538027242 2.09637682037127 2.18161236914805 2.29277960446753
17.3594211125121 17.3594211125121 17.3594211125121 17.3594211125121 17.3594211125121 17.3471940267187 8.01231345543098 7.72048980974483 7.39756542130521 7.08310169461394 6.76551463470392 6.39280693237325 6.13962359491743 6.08637585832069 5.76785745538472 5.21808468836853 4.74763013206313 4.54980488577393 4.66060925947583 4.5866000595083 4.2255117807328 3.97151784481614 3.60016330397292 3.1182528411267 3.40528109536384 4.63587859069564 5.53070522975019 6.33949026051642 7.24080274987216 7.42359065324836 8.38454141581929 8.14891461889966 7.79206800046804 6.99327917441056 5.10220168997306 4.32024419773618 3.72806947652947 4.39529516759156 3.82666915794799 3.34866899232189 3.14020505262915 3.01407339994336 3.00094607991922 3.01660610581455 2.06968980010154 2.17770028589297 2.2544304327887 2.32844749811247 2.45925753619789
17.3594211125121 17.3594211125121 17.3594211125121 17.3594211125121 17.3594211125121 17.3594211125121 8.01231345543098 7.63062251055623 7.39756542130521 6.97752322279794 6.6857820371844 6.35281952992287 6.20622096523154 6.03316246651187 5.64904486711354 5.17936569417191 4.8857550745641 4.7976686744553 4.89839085106798 4.77262172744445 4.51315363604778 4.10883203887798 3.64239748967851 3.43540497704633 3.62122949810268 4.68539958723818 5.78108443829631 6.79206800046804 7.33237146228368 7.41058186218897 8.43659170954758 8.06992243733895 7.5393820287685 5.58323689097011 4.77262172744445 3.94893179848796 3.64239748967851 3.27766784120765 2.63009809095256 2.25353998706998 3.04689645643016 3.00094607991922 3.03590957813241 3.09351625801928 3.19767539080168 2.31805675119048 2.42906878875131 2.49674690187296 2.65294063593395
17.3716350116419 17.3594211125121 17.3594211125121 17.3594211125121 17.3594211125121 17.3594211125121 17.1994634462654 7.70767981903882 7.44958494643788 7.04354798588536 6.73894866015338 6.37947797083387 6.28617531588204 6.01986530497205 5.82079314405268 5.41292232724561 5.21808468836853 5.07656500665069 5.12788133072076 4.93637356163183 4.71024861660637 4.29644916627563 4.12041020966253 4.20201838502191 4.34411226329749 5.34775904524075 6.57933237831364 7.37150993123915 7.47554762483624 8.39756542130521 8.09627551664549 7.36614880172458 5.66222443445646 4.77262172744445 4.17860276797821 3.50664904433073 3.24890943815685 2.99364749576703 2.55424309273947 2.25818406239788 3.01885135427393 3.02761830664883 3.12731501490843 3.25908232857547 3.41726329225773 2.60333838706942 2.80430443656067 2.79640393526761 2.83624923975971
17.3594211125121 17.3594211125121 17.3594211125121 17.3594211125121 17.3594211125121 17.3594211125121 17.29815506845 7.89878584391776 7.64348849567598 7.30624333461427 6.89813977005854 6.40613558167659 6.29950352067137 6.11299586960167 5.87379864778416 5.64904486711354 5.45211623008946 5.3868324479501 5.39987337099565 5.20516852446877 4.98718861265125 4.84792479709731 4.63587859069564 4.46451476428673 4.47664953857154 5.37379967477834 6.7123708639705 7.48851689848826 7.54031161132115 8.28008736688124 7.28617531588204 5.45211623008946 4.91103927062267 4.02836229651207 3.27766784120765 2.82666915794799 2.77920344361871 2.53433230186677 2.32223324423027 2.09016089245935 2 3.11131667882689 3.26850789744305 3.48409822444907 3.74972763063997 3.03913870657396 3.26030853929058 3.32806111030725 3.19399280286748
8.06247891997624 17.3471940267187 17.3594211125121 17.3594211125121 17.3594211125121 17.3594211125121 17.3227005448145 8.23656724533522 8.06247891997624 7.48851689848826 7.06992243733894 6.55270039718668 6.43279152597507 6.04646221227109 5.76785745538472 5.86054111997366 5.70179702229141 5.60954165095378 5.60954165095378 5.43904387320002 5.29578072919164 5.11503619993399 4.8857550745641 4.72269484522639 13.8605219281722 5.58323689097011 6.8583911210949 7.55323928025404 8.54031161132115 7.9510798264664 5.72820584585856 4.8857550745641 4.35607338647351 3.41529477807172 2.77920344361871 2.52124547396955 3.40450022928062 3.26759402183137 3.12667981352274 2.03917311070321 2.00293113428589 2.15510214089167 3.37159772484583 3.63146442854627 4.03913870657396 4.47791519972824 3.88384933282398 4.11105830860811 4.08795536271434
7.34542486825228 17.2489101677865 17.3594211125121 17.3594211125121 17.3594211125121 17.3594211125121 17.3594211125121 17.3594211125121 17.3471940267187 7.74608088998727 7.22769471978312 7.8318726953665 6.6325744750912 5.83403825593492 5.90032533530874 6.15294007882619 5.9667047020557 5.76785745538472 5.68860062613207 5.5044801726268 5.33475142271573 5.17936569417191 5.153602981044 5.5044801726268 14.6886006261321 5.9667047020557 7.01715290259481 7.56615838096664 8.47554762483624 7.69907777981309 5.37379967477834 4.72269484522639 3.83734163644309 2.93369875468267 3.46422354230066 3.34330245552458 3.18085638629447 3.07934781862531 3.03214079766257 2.00586810796155 2.01017165343081 2.13064129121635 2.37159772484583 3.68945480120299 4.03913870657396 4.45757599402913 4.92859450452114 4.27500705693225 4.71264237895832
6.31283215028322 7.80988638739313 17.3594211125121 17.3594211125121 17.3594211125121 17.3594211125121 17.3594211125121 17.3594211125121 17.3594211125121 17.2118438189115 7.55323928025404 8.25390426010749 7.96430382286905 6.01986530497205 6.12630882235427 6.55270039718668 6.41946381429042 6.15294007882619 5.88706009015454 5.42597920013403 5.20516852446877 5.14073696388457 5.76785745538472 6.36614880172458 6.51274104639897 6.96430382286905 7.52737545620358 8.52737545620358 8.12260648775389 6.19289871680678 5.37379967477834 4.87313206046858 3.64239748967851 2.86716296439942 3.53433230186677 3.32223324423027 2.1234038045616 2.02732085744796 2.00244686476421 2.02176504445982 2.0557314323773 2.23178199468526 3.57579863799749 3.83624923975971 4.07476747714268 4.54994638675383 4.85052837976937 4.13424271744843 4.63825528529449
5.80755239541938 7.41058186218897 8.29815506844996 17.3594211125121 17.3594211125121 17.3594211125121 17.3594211125121 17.3594211125121 17.3594211125121 17.3471940267187 8.08749231304946 8.69486029874346 8.46257027955829 6.69907777981309 6.61926693702751 6.97752322279794 6.91138120474277 6.61926693702751 6.20622096523154 5.68860062613207 5.49137824179262 5.43904387320002 6.29950352067137 6.77879294272913 7.00394785651525 7.37150993123915 7.54031161132115 8.44958494643788 8.1357634538892 6.6857820371844 5.80755239541938 5.10220168997306 3.87058052754934 3.10914852363422 2.76365780739421 3.43387957811981 3.12667981352274 2.00391716768115 2.02608995656769 2.10222545837702 2.23623003334427 2.51600370345108 3.82821179828008 4.07476747714268 3.38725104495274 4.78451176148318 4.86161247365755 4.13424271744843 4.70020779934898
5.25689076003715 7.00394785651525 8.03741911395829 17.3594211125121 17.3594211125121 17.3594211125121 17.3594211125121 17.3594211125121 17.3594211125121 17.3594211125121 17.3227005448145 7.98716250981005 8.79714527585235 8.50147801702057 7.38454141581929 7.47554762483624 7.38454141581929 7.09627551664549 6.69907777981309 6.23286887037491 6.08637585832069 6.20622096523154 6.72566119041709 7.05673783696064 7.25390426010749 7.50147801702057 8.50147801702057 8.38454141581929 8.06992243733895 6.73894866015338 6.04646221227109 5.21808468836853 4.23728734975528 3.4455012771531 3.0198255429914 3.59506709613192 3.26286875884255 2.04294849262349 2.00094607991922 2.0906982451546 2.26850789744305 2.58262833384751 2.98665000566692 3.31829556174384 4.90617698470051 5.20427529639038 5.06493482019464 4.45472721788636 5.05343255194772
4.91103927062267 6.40613558167659 7.59197055105655 8.09998143096012 17.2118438189115 17.3227005448145 17.3594211125121 17.3594211125121 17.3594211125121 17.3594211125121 17.3349538166007 8.12492416472004 8.97457023239104 8.83533809508221 8.75886182407528 7.61774747118644 7.55323928025404 7.30624333461427 7.01715290259481 6.92461842251287 6.8583911210949 7.01715290259481 7.28008736688124 7.43659170954758 7.55323928025404 7.60486345783246 8.55323928025404 8.22769471978312 6.8318726953665 6.48609508618131 5.72820584585856 4.92370021390578 4.23728734975528 3.65301937972757 3.13655401022495 3.70287524997742 3.3930204881957 2.08198709094139 2.00027871630225 2.09637682037127 2.26377483501377 2.54885020667796 2.98665000566692 3.32806111030725 4.93983667537434 5.55216062035226 14.0534325519477 4.71264237895832 14.2853037124714
4.98718861265125 6.15294007882619 7.29316878704676 7.78439409382609 7.92409077007463 8.049954783675 17.310434274334 17.3594211125121 17.3594211125121 17.3594211125121 17.3594211125121 8.24891016778648 8.06247891997624 8.97457023239104 8.84804854002321 7.61774747118644 7.60486345783246 7.51443089722981 7.43659170954758 7.33237146228368 7.38454141581929 7.55323928025404 7.59197055105655 7.6820313273345 7.69486029874346 7.59197055105655 8.35847105335772 7.80533971013734 6.35281952992287 5.63587113777662 4.94905919455412 4.29644916627563 3.97151784481614 3.38533710229599 2.89186394366847 3.54093190114672 3.21358003663355 2.03049085186145 2.01783069203146 2.17770028589297 2.33370260826845 2.59639828690714 2.97801448861019 3.2412130087751 4.71934947928153 5.32253736210236 5.20765307158476 5.77040219640214 15.0224237142735
5.70179702229141 6.4727704962906 7.28008736688124 7.6820313273345 7.80988638739313 8.01231345543098 8.14981910630336 17.310434274334 17.3594211125121 17.3594211125121 17.3594211125121 17.3349538166007 8.16224848516869 9.11245873773336 8.87343823636705 7.61774747118644 7.64348849567598 7.61774747118644 7.56615838096664 7.51443089722981 7.63062251055623 7.70767981903882 7.63062251055623 7.74608088998727 7.70767981903882 8.60486345783246 8.1357634538892 6.52606221108553 6.01986530497205 5.14073696388457 4.44029581971669 4.01695051992431 3.62122949810268 3.06409360429467 3.63009809095256 3.28689963182629 3.03383401670474 2.02918998340807 2.2143996418861 2.38277959213472 2.45925753619789 2.80430443656067 2.98665000566692 3.20337715998235 4.56034226264392 5.12264038899304 14.9515015399595 15.2354328562487 16.032892332446
5.86054111997366 6.73894866015338 7.30624333461427 7.61774747118644 7.79714527585235 8.03741911395829 8.06247891997624 8.14981910630336 17.29815506845 17.3716350116419 17.3471940267187 17.2489101677865 8.13737764358421 9.07499145296332 8.7716329176781 7.61774747118644 7.64348849567598 7.64348849567598 7.61774747118644 7.66919298358741 7.79714527585235 7.88611733839412 7.78439409382609 8.65634534657682 8.55323928025404 17.2014594558411 7.56601721430461 5.84728761865908 5.43904387320002 4.57431920937745 4.01695051992431 3.72806947652947 3.29698596044711 2.7870282829496 3.46422354230066 3.15079012695203 2.0002493180311 2.13064129121635 2.29277960446753 2.38277959213472 2.39411815965262 2.63146442854627 2.82020845741124 3.10181864801471 3.40720575652789 4.96238725883181 5.75003211745204 14.9426977011056 15.9932801359037
5.39987337099565 6.56601721430461 7.25390426010749 7.60486345783246 7.84804854002321 7.92409077007463 8.02487198103642 8.049954783675 8.02487198103642 8.11245873773336 17.2365672453352 8.13737764358421 8.09998143096012 8.97457023239104 8.65634534657682 7.59197055105655 7.61774747118644 7.64348849567598 7.74608088998727 7.83533809508221 7.8226173523884 7.64348849567598 8.46257027955829 8.12260648775389 7.99073793200828 15.446118612706 5.70179702229141 5.11503619993399 4.84792479709731 4.21375541969257 3.58966866007049 3.35563115338424 2.95919544102921 3.58817079400444 3.30684982252446 3.07419745355847 2.00345902244312 2.16621358404015 2.19767539080168 2.22300875573817 2.25908232857547 2.41141867558289 2.59639828690714 2.88518492825106 3.16602042619977 4.65506610866539 5.37035943669183 15.4546324605762 15.3953716339092
4.93637356163183 6.31283215028322 7.10944381156053 7.54031161132115 7.80988638739313 7.92409077007463 8.02487198103642 8.03741911395829 8.09998143096012 8.16224848516869 8.17466571278541 8.09998143096012 8.06247891997624 8.91144367901614 8.64348849567598 7.60486345783246 7.69486029874346 7.91144367901614 7.9367270437862 7.94935242715178 8.70767981903882 8.41058186218897 8.16205989198898 7.67248373556302 7.45944497067475 6.71499880011321 5.06376307050821 4.54980488577393 4.15526587523132 3.46577573661806 2.94216485494349 2.73298514950865 3.51475839521534 3.25818406239788 3.11072212650472 2.00738666703776 2.03590957813241 2.11443181382856 2.06486539016912 2.09637682037127 2.16246801556041 2.26377483501377 2.43502953245951 2.696864963311 2.91010575219055 3.31829556174384 4.90617698470051 5.88818543939843 6.73074771599182
5.30876214748315 6.52606221108553 7.01715290259481 7.52737545620358 7.84804854002321 7.92409077007463 7.99974360797448 8.02487198103642 8.07499145296332 8.13737764358421 8.14981910630336 8.03741911395829 8.01231345543098 8.87343823636705 8.63062251055623 8.57906883171682 7.73329019268593 8.049954783675 7.99974360797448 8.75886182407528 8.44958494643788 8.03035297678472 7.6857820371844 7.04646221227109 6.68860062613207 6.153602981044 4.54980488577393 3.97151784481614 3.5791998001158 2.99364749576703 3.54756885674456 3.35407509900845 3.28689963182629 3.1234038045616 2.02432418329701 2.00675250604539 2.04728538027242 2.02176504445982 3.00600662873941 3.04528154222064 3.13742014332357 2.23178199468526 2.45314291996458 2.58949490959461 2.82821179828008 3.10181864801471 3.59168602014824 5.51550004252316 6.24643601559783
5.59638612271419 6.35281952992287 7.04354798588536 7.56615838096664 7.88611733839412 7.88611733839412 8.03741911395829 8.12492416472004 8.09998143096012 17.1498191063034 8.06247891997624 7.94935242715178 7.94935242715178 7.88611733839412 8.79714527585235 8.8226173523884 7.87343823636705 8.01231345543098 8.84804854002321 8.57906883171682 8.03035297678472 7.51274104639897 6.17957774776275 6.71499880011321 6.33475142271573 4.91103927062267 4.17860276797821 3.64239748967851 3.09103292349387 3.65155339615384 3.29679438376168 3.09871799186459 3.07934781862531 2.02580084629396 2.00005205298406 2.01017165343081 2.01017165343081 3 3.00153781668659 3.01017165343081 3.05795049579465 3.1514819210536 2.32323219225175 2.50954702927545 2.67474155642707 2.91010575219055 3.20337715998235 4.11105830860811 4.76252363135958
6.07306901765083 6.37947797083387 6.99073793200828 7.52737545620358 7.84804854002321 7.89878584391776 7.98716250981005 8.049954783675 8.14981910630336 8.11245873773336 8.03741911395829 7.97457023239104 7.9619668474807 7.88611733839412 8.89878584391776 9.049954783675 9.02487198103642 7.97457023239104 8.75886182407528 8.28008736688124 6.75223317442104 6.35281952992287 5.97999042575687 6.55695777687818 6.14073696388457 4.4888010216113 3.77149283980899 3.22041606779977 2.80278156359629 3.4398714773937 3.20515130003256 2.02732085744796 2.00063378357978 2.00000419985245 2.00200621960955 2.00094607991922 2.0066055999233 3.03735019399117 3.03917311070321 2.0001225598147 3.00600662873941 3.03416478548163 3.08249983271964 3.39411815965262 2.59639828690714 2.68208030438521 2.82020845741124 3.41722476743364 4.01914469948826
