saved_data/uwindnew.asc
ncols         508
nrows         366
xllcorner     -2219380.8969024
yllcorner     1941017.9463268
cellsize      3850
NODATA_value  -9999
[rows 252 to 279 of 366, columns 192 to 255 of 508]
136.2759 136.3111 136.3465 136.382 136.4178 136.4537 136.4898 136.5261 136.5625 136.5992 136.636 136.6731 136.7103 136.7482 136.7892 136.8332 136.8775 136.922 136.9666 137.0114 137.0565 137.1017 137.1471 137.1927 137.2385 137.2845 137.3307 137.377 137.4236 137.4703 137.5173 137.5644 137.6117 137.6591 137.7068 137.7547 137.8027 137.8509 137.8993 137.9479 137.9966 138.0455 138.0947 138.1439 138.1934 138.243 138.2928 138.3428 138.393 138.4433 138.4938 138.5445 138.5954 138.6464 138.6976 138.7489 138.8004 138.8521 138.904 138.956 139.0082 139.0606 139.1131 139.1658
136.3221 136.3567 136.3914 136.4264 136.4615 136.4968 136.5323 136.568 136.6039 136.64 136.6762 136.7126 136.7492 136.7873 136.8285 136.8719 136.9155 136.9593 137.0033 137.0475 137.0918 137.1364 137.1811 137.2261 137.2712 137.3165 137.362 137.4077 137.4536 137.4996 137.5459 137.5923 137.6389 137.6858 137.7327 137.7799 137.8273 137.8748 137.9225 137.9704 138.0185 138.0667 138.1151 138.1637 138.2125 138.2615 138.3106 138.3599 138.4094 138.4591 138.5089 138.5589 138.609 138.6594 138.7099 138.7605 138.8114 138.8624 138.9136 138.9649 139.0164 139.0681 139.1199 139.1719
136.3679 136.4019 136.4361 136.4704 136.505 136.5397 136.5746 136.6097 136.6449 136.6804 136.716 136.7518 136.7878 136.8261 136.8675 136.9103 136.9532 136.9963 137.0396 137.0831 137.1268 137.1707 137.2148 137.259 137.3035 137.3481 137.393 137.438 137.4832 137.5286 137.5742 137.6199 137.6659 137.712 137.7583 137.8048 137.8515 137.8983 137.9454 137.9926 138.04 138.0876 138.1353 138.1832 138.2313 138.2796 138.328 138.3767 138.4255 138.4744 138.5236 138.5729 138.6224 138.672 138.7218 138.7718 138.822 138.8723 138.9228 138.9734 139.0243 139.0753 139.1264 139.1777
136.3679 136.4019 136.4361 136.4704 136.505 136.5397 136.5746 136.6097 136.6449 136.6804 136.716 136.7518 136.7878 136.8261 136.8675 136.9103 136.9532 136.9963 137.0396 137.0831 137.1268 137.1707 137.2148 137.259 137.3035 137.3481 137.393 137.438 137.4832 137.5286 137.5742 137.6199 137.6659 137.712 137.7583 137.8048 137.8515 137.8983 137.9454 137.9926 138.04 138.0876 138.1353 138.1832 138.2313 138.2796 138.328 138.3767 138.4255 138.4744 138.5236 138.5729 138.6224 138.672 138.7218 138.7718 138.822 138.8723 138.9228 138.9734 139.0243 139.0753 139.1264 139.1777
136.4134 136.4468 136.4803 136.5141 136.548 136.5822 136.6165 136.651 136.6856 136.7205 136.7555 136.7907 136.8261 136.8646 136.9062 136.9482 136.9905 137.0329 137.0756 137.1184 137.1614 137.2047 137.2481 137.2916 137.3354 137.3794 137.4236 137.4679 137.5125 137.5572 137.6021 137.6472 137.6924 137.7379 137.7835 137.8293 137.8754 137.9215 137.9679 138.0144 138.0611 138.108 138.1551 138.2024 138.2498 138.2974 138.3451 138.3931 138.4412 138.4895 138.5379 138.5866 138.6354 138.6843 138.7335 138.7828 138.8323 138.8819 138.9317 138.9817 139.0318 139.0821 139.1326 139.1832
136.4585 136.4913 136.5243 136.5574 136.5908 136.6243 136.658 136.6919 136.726 136.7602 136.7947 136.8293 136.8647 136.9032 136.9444 136.9858 137.0274 137.0692 137.1112 137.1533 137.1957 137.2382 137.281 137.3239 137.367 137.4103 137.4538 137.4975 137.5414 137.5854 137.6296 137.6741 137.7187 137.7634 137.8084 137.8535 137.8989 137.9444 137.9901 138.0359 138.082 138.1282 138.1746 138.2211 138.2679 138.3148 138.3619 138.4091 138.4566 138.5042 138.552 138.5999 138.648 138.6963 138.7448 138.7934 138.8422 138.8912 138.9403 138.9896 139.039 139.0886 139.1384 139.1883
136.4585 136.4913 136.5243 136.5574 136.5908 136.6243 136.658 136.6919 136.726 136.7602 136.7947 136.8293 136.8647 136.9032 136.9444 136.9858 137.0274 137.0692 137.1112 137.1533 137.1957 137.2382 137.281 137.3239 137.367 137.4103 137.4538 137.4975 137.5414 137.5854 137.6296 137.6741 137.7187 137.7634 137.8084 137.8535 137.8989 137.9444 137.9901 138.0359 138.082 138.1282 138.1746 138.2211 138.2679 138.3148 138.3619 138.4091 138.4566 138.5042 138.552 138.5999 138.648 138.6963 138.7448 138.7934 138.8422 138.8912 138.9403 138.9896 139.039 139.0886 139.1384 139.1883
136.5033 136.5355 136.5679 136.6005 136.6332 136.6661 136.6992 136.7325 136.766 136.7996 136.8335 136.8675 136.9032 136.9418 136.9823 137.023 137.064 137.1051 137.1464 137.1879 137.2296 137.2715 137.3135 137.3558 137.3983 137.4409 137.4837 137.5267 137.5699 137.6133 137.6569 137.7006 137.7445 137.7886 137.8329 137.8774 137.922 137.9669 138.0119 138.0571 138.1024 138.148 138.1937 138.2396 138.2857 138.3319 138.3783 138.4249 138.4716 138.5186 138.5657 138.6129 138.6604 138.708 138.7558 138.8037 138.8518 138.9001 138.9485 138.9971 139.0459 139.0948 139.1439 139.1932
136.5478 136.5794 136.6112 136.6431 136.6753 136.7076 136.7401 136.7728 136.8057 136.8387 136.8719 136.9054 136.9412 136.9799 137.0198 137.0599 137.1002 137.1406 137.1813 137.2221 137.2631 137.3044 137.3457 137.3873 137.4291 137.4711 137.5132 137.5556 137.5981 137.6408 137.6837 137.7268 137.77 137.8135 137.8571 137.9009 137.9449 137.989 138.0334 138.0779 138.1226 138.1674 138.2125 138.2577 138.3031 138.3486 138.3944 138.4403 138.4864 138.5326 138.579 138.6256 138.6724 138.7193 138.7664 138.8137 138.8611 138.9087 138.9564 139.0044 139.0524 139.1007 139.1491 139.1977
136.5919 136.6229 136.6541 136.6854 136.717 136.7487 136.7807 136.8127 136.845 136.8775 136.9101 136.943 136.9789 137.0178 137.057 137.0964 137.136 137.1758 137.2158 137.2559 137.2963 137.3369 137.3776 137.4185 137.4596 137.5009 137.5424 137.5841 137.6259 137.668 137.7102 137.7526 137.7952 137.838 137.8809 137.924 137.9674 138.0108 138.0545 138.0983 138.1424 138.1866 138.2309 138.2755 138.3202 138.3651 138.4101 138.4554 138.5008 138.5463 138.5921 138.638 138.6841 138.7303 138.7767 138.8233 138.8701 138.917 138.9641 139.0113 139.0587 139.1062 139.154 139.2019
136.5919 136.6229 136.6541 136.6854 136.717 136.7487 136.7807 136.8127 136.845 136.8775 136.9101 136.943 136.9789 137.0178 137.057 137.0964 137.136 137.1758 137.2158 137.2559 137.2963 137.3369 137.3776 137.4185 137.4596 137.5009 137.5424 137.5841 137.6259 137.668 137.7102 137.7526 137.7952 137.838 137.8809 137.924 137.9674 138.0108 138.0545 138.0983 138.1424 138.1866 138.2309 138.2755 138.3202 138.3651 138.4101 138.4554 138.5008 138.5463 138.5921 138.638 138.6841 138.7303 138.7767 138.8233 138.8701 138.917 138.9641 139.0113 139.0587 139.1062 139.154 139.2019
136.6357 136.6661 136.6967 136.7274 136.7584 136.7895 136.8208 136.8523 136.884 136.9159 136.9479 136.981 137.0169 137.0552 137.0938 137.1325 137.1715 137.2106 137.2499 137.2894 137.3291 137.369 137.4091 137.4493 137.4898 137.5304 137.5713 137.6123 137.6534 137.6948 137.7364 137.7781 137.82 137.8621 137.9044 137.9469 137.9895 138.0323 138.0753 138.1185 138.1618 138.2053 138.249 138.2929 138.3369 138.3811 138.4255 138.4701 138.5148 138.5597 138.6048 138.65 138.6954 138.741 138.7867 138.8326 138.8787 138.9249 138.9713 139.0179 139.0646 139.1115 139.1585 139.2057
136.6791 136.7089 136.7389 136.7691 136.7994 136.83 136.8607 136.8916 136.9227 136.9539 136.9854 137.0186 137.0546 137.0923 137.1302 137.1683 137.2066 137.245 137.2837 137.3225 137.3616 137.4008 137.4402 137.4798 137.5196 137.5596 137.5997 137.6401 137.6806 137.7213 137.7622 137.8032 137.8445 137.8859 137.9275 137.9693 138.0113 138.0534 138.0957 138.1382 138.1809 138.2238 138.2668 138.31 138.3533 138.3969 138.4406 138.4845 138.5285 138.5728 138.6171 138.6617 138.7064 138.7513 138.7964 138.8416 138.887 138.9325 138.9783 139.0241 139.0702 139.1164 139.1628 139.2093
136.6791 136.7089 136.7389 136.7691 136.7994 136.83 136.8607 136.8916 136.9227 136.9539 136.9854 137.0186 137.0546 137.0923 137.1302 137.1683 137.2066 137.245 137.2837 137.3225 137.3616 137.4008 137.4402 137.4798 137.5196 137.5596 137.5997 137.6401 137.6806 137.7213 137.7622 137.8032 137.8445 137.8859 137.9275 137.9693 138.0113 138.0534 138.0957 138.1382 138.1809 138.2238 138.2668 138.31 138.3533 138.3969 138.4406 138.4845 138.5285 138.5728 138.6171 138.6617 138.7064 138.7513 138.7964 138.8416 138.887 138.9325 138.9783 139.0241 139.0702 139.1164 139.1628 139.2093
136.7222 136.7514 136.7808 136.8104 136.8401 136.8701 136.9002 136.9305 136.961 136.9917 137.0225 137.0559 137.092 137.129 137.1663 137.2037 137.2413 137.2791 137.3171 137.3553 137.3937 137.4322 137.471 137.5099 137.549 137.5883 137.6278 137.6675 137.7074 137.7474 137.7876 137.828 137.8686 137.9094 137.9503 137.9914 138.0327 138.0742 138.1159 138.1577 138.1997 138.2419 138.2842 138.3267 138.3694 138.4123 138.4553 138.4985 138.5419 138.5855 138.6292 138.6731 138.7171 138.7613 138.8057 138.8503 138.895 138.9398 138.9849 139.0301 139.0754 139.121 139.1667 139.2125
136.7649 136.7935 136.8224 136.8514 136.8805 136.9099 136.9394 136.9691 136.999 137.0291 137.0596 137.0928 137.129 137.1654 137.202 137.2388 137.2757 137.3129 137.3502 137.3877 137.4254 137.4633 137.5014 137.5397 137.5781 137.6168 137.6556 137.6946 137.7338 137.7732 137.8127 137.8525 137.8924 137.9325 137.9728 138.0132 138.0538 138.0947 138.1356 138.1768 138.2181 138.2596 138.3013 138.3432 138.3852 138.4274 138.4697 138.5123 138.555 138.5979 138.6409 138.6841 138.7275 138.771 138.8147 138.8586 138.9026 138.9468 138.9912 139.0357 139.0804 139.1252 139.1702 139.2154
136.8073 136.8354 136.8636 136.892 136.9206 136.9493 136.9783 137.0074 137.0367 137.0662 137.0968 137.1302 137.1657 137.2014 137.2373 137.2734 137.3097 137.3462 137.3829 137.4198 137.4568 137.494 137.5315 137.5691 137.6069 137.6449 137.683 137.7214 137.7599 137.7986 137.8375 137.8766 137.9158 137.9552 137.9949 138.0346 138.0746 138.1147 138.1551 138.1955 138.2362 138.277 138.318 138.3592 138.4006 138.4421 138.4838 138.5257 138.5677 138.6099 138.6523 138.6948 138.7375 138.7804 138.8234 138.8666 138.91 138.9535 138.9972 139.041 139.085 139.1292 139.1735 139.218
136.8073 136.8354 136.8636 136.892 136.9206 136.9493 136.9783 137.0074 137.0367 137.0662 137.0968 137.1302 137.1657 137.2014 137.2373 137.2734 137.3097 137.3462 137.3829 137.4198 137.4568 137.494 137.5315 137.5691 137.6069 137.6449 137.683 137.7214 137.7599 137.7986 137.8375 137.8766 137.9158 137.9552 137.9949 138.0346 138.0746 138.1147 138.1551 138.1955 138.2362 138.277 138.318 138.3592 138.4006 138.4421 138.4838 138.5257 138.5677 138.6099 138.6523 138.6948 138.7375 138.7804 138.8234 138.8666 138.91 138.9535 138.9972 139.041 139.085 139.1292 139.1735 139.218
136.8494 136.8769 136.9045 136.9323 136.9603 136.9884 137.0168 137.0453 137.074 137.1029 137.1337 137.1671 137.202 137.237 137.2723 137.3078 137.3434 137.3792 137.4153 137.4514 137.4878 137.5244 137.5612 137.5981 137.6353 137.6726 137.7101 137.7478 137.7856 137.8237 137.8619 137.9003 137.9389 137.9777 138.0166 138.0557 138.095 138.1345 138.1741 138.214 138.254 138.2941 138.3345 138.375 138.4157 138.4565 138.4975 138.5387 138.5801 138.6216 138.6633 138.7052 138.7472 138.7894 138.8318 138.8743 138.917 138.9598 139.0028 139.046 139.0893 139.1328 139.1765 139.2203
136.8911 136.918 136.945 136.9723 136.9997 137.0272 137.055 137.0829 137.111 137.1393 137.1702 137.2037 137.2379 137.2723 137.3069 137.3417 137.3767 137.4119 137.4473 137.4828 137.5185 137.5545 137.5906 137.6268 137.6633 137.7 137.7368 137.7738 137.811 137.8484 137.886 137.9237 137.9617 137.9997 138.038 138.0765 138.1151 138.1539 138.1929 138.232 138.2714 138.3109 138.3506 138.3904 138.4304 138.4706 138.5109 138.5515 138.5921 138.633 138.674 138.7152 138.7566 138.7981 138.8398 138.8816 138.9236 138.9658 139.0082 139.0506 139.0933 139.1361 139.1791 139.2199
136.8911 136.918 136.945 136.9723 136.9997 137.0272 137.055 137.0829 137.111 137.1393 137.1702 137.2037 137.2379 137.2723 137.3069 137.3417 137.3767 137.4119 137.4473 137.4828 137.5185 137.5545 137.5906 137.6268 137.6633 137.7 137.7368 137.7738 137.811 137.8484 137.886 137.9237 137.9617 137.9997 138.038 138.0765 138.1151 138.1539 138.1929 138.232 138.2714 138.3109 138.3506 138.3904 138.4304 138.4706 138.5109 138.5515 138.5921 138.633 138.674 138.7152 138.7566 138.7981 138.8398 138.8816 138.9236 138.9658 139.0082 139.0506 139.0933 139.1361 139.1791 139.2199
136.9325 136.9588 136.9853 137.0119 137.0387 137.0657 137.0928 137.1202 137.1477 137.1758 137.2065 137.2399 137.2735 137.3073 137.3412 137.3753 137.4097 137.4442 137.4789 137.5138 137.5489 137.5841 137.6196 137.6552 137.691 137.727 137.7632 137.7995 137.8361 137.8728 137.9097 137.9468 137.984 138.0215 138.0591 138.0969 138.1349 138.173 138.2113 138.2498 138.2885 138.3273 138.3663 138.4055 138.4448 138.4843 138.524 138.5639 138.6039 138.6441 138.6844 138.7249 138.7656 138.8065 138.8475 138.8887 138.93 138.9715 139.0132 139.055 139.097 139.1391 139.1814 139.2183
136.9736 136.9993 137.0251 137.0512 137.0774 137.1038 137.1304 137.1571 137.1841 137.2123 137.2431 137.2758 137.3087 137.3418 137.3751 137.4086 137.4423 137.4761 137.5102 137.5444 137.5788 137.6134 137.6482 137.6832 137.7183 137.7537 137.7892 137.8249 137.8608 137.8968 137.9331 137.9695 138.0061 138.0429 138.0798 138.1169 138.1543 138.1917 138.2294 138.2672 138.3052 138.3434 138.3817 138.4202 138.4589 138.4977 138.5368 138.5759 138.6153 138.6548 138.6945 138.7343 138.7744 138.8145 138.8549 138.8954 138.9361 138.9769 139.0179 139.059 139.1003 139.1418 139.1834 139.2164
137.0143 137.0394 137.0647 137.0901 137.1158 137.1416 137.1676 137.1937 137.2201 137.2484 137.2792 137.3113 137.3436 137.376 137.4086 137.4415 137.4745 137.5077 137.5411 137.5747 137.6084 137.6424 137.6765 137.7108 137.7453 137.78 137.8149 137.8499 137.8851 137.9205 137.9561 137.9919 138.0278 138.0639 138.1002 138.1367 138.1733 138.2101 138.2471 138.2843 138.3216 138.3591 138.3968 138.4346 138.4726 138.5108 138.5492 138.5877 138.6264 138.6652 138.7042 138.7434 138.7828 138.8223 138.8619 138.9018 138.9418 138.9819 139.0222 139.0627 139.1033 139.1441 139.1851 139.2141
137.0143 137.0394 137.0647 137.0901 137.1158 137.1416 137.1676 137.1937 137.2201 137.2484 137.2792 137.3113 137.3436 137.376 137.4086 137.4415 137.4745 137.5077 137.5411 137.5747 137.6084 137.6424 137.6765 137.7108 137.7453 137.78 137.8149 137.8499 137.8851 137.9205 137.9561 137.9919 138.0278 138.0639 138.1002 138.1367 138.1733 138.2101 138.2471 138.2843 138.3216 138.3591 138.3968 138.4346 138.4726 138.5108 138.5492 138.5877 138.6264 138.6652 138.7042 138.7434 138.7828 138.8223 138.8619 138.9018 138.9418 138.9819 139.0222 139.0627 139.1033 139.1441 139.1851 139.2141
137.0547 137.0792 137.1039 137.1288 137.1538 137.179 137.2044 137.23 137.2558 137.2841 137.315 137.3464 137.3781 137.4099 137.4418 137.474 137.5064 137.5389 137.5717 137.6046 137.6377 137.671 137.7045 137.7381 137.772 137.806 137.8402 137.8746 137.9091 137.9439 137.9788 138.0139 138.0492 138.0846 138.1203 138.1561 138.192 138.2282 138.2645 138.301 138.3377 138.3745 138.4115 138.4487 138.4861 138.5236 138.5612 138.5991 138.6371 138.6753 138.7137 138.7522 138.7908 138.8297 138.8687 138.9078 138.9472 138.9867 139.0263 139.0661 139.1061 139.1462 139.1853 139.2112
137.0948 137.1187 137.1428 137.1671 137.1915 137.2162 137.241 137.266 137.2917 137.3199 137.3505 137.3812 137.4122 137.4433 137.4747 137.5062 137.5379 137.5698 137.6019 137.6342 137.6666 137.6993 137.7321 137.7651 137.7983 137.8316 137.8652 137.8989 137.9328 137.9669 138.0012 138.0356 138.0702 138.105 138.14 138.1751 138.2104 138.2459 138.2816 138.3174 138.3534 138.3896 138.4259 138.4625 138.4991 138.536 138.573 138.6102 138.6475 138.6851 138.7227 138.7606 138.7986 138.8368 138.8751 138.9136 138.9523 138.9911 139.03 139.0692 139.1085 139.1479 139.183 139.2048
137.0948 137.1187 137.1428 137.1671 137.1915 137.2162 137.241 137.266 137.2917 137.3199 137.3505 137.3812 137.4122 137.4433 137.4747 137.5062 137.5379 137.5698 137.6019 137.6342 137.6666 137.6993 137.7321 137.7651 137.7983 137.8316 137.8652 137.8989 137.9328 137.9669 138.0012 138.0356 138.0702 138.105 138.14 138.1751 138.2104 138.2459 138.2816 138.3174 138.3534 138.3896 138.4259 138.4625 138.4991 138.536 138.573 138.6102 138.6475 138.6851 138.7227 138.7606 138.7986 138.8368 138.8751 138.9136 138.9523 138.9911 139.03 139.0692 139.1085 139.1479 139.183 139.2048
