saved_data/uwindnew.asc
ncols         508
nrows         366
xllcorner     -2219380.8969024
yllcorner     1941017.9463268
cellsize      3850
NODATA_value  -9999
[rows 280 to 307 of 366, columns 192 to 255 of 508]
137.1345 137.1579 137.1814 137.2051 137.2289 137.253 137.2772 137.3016 137.3274 137.3556 137.3855 137.4157 137.446 137.4765 137.5072 137.538 137.5691 137.6004 137.6318 137.6634 137.6952 137.7272 137.7593 137.7917 137.8242 137.8569 137.8898 137.9229 137.9561 137.9896 138.0232 138.057 138.0909 138.125 138.1593 138.1938 138.2285 138.2633 138.2983 138.3335 138.3688 138.4043 138.44 138.4759 138.5119 138.5481 138.5844 138.621 138.6577 138.6945 138.7315 138.7687 138.806 138.8435 138.8812 138.919 138.957 138.9952 139.0335 139.0719 139.1105 139.1493 139.1804 139.1979
137.1739 137.1967 137.2196 137.2427 137.266 137.2894 137.3131 137.3369 137.3627 137.391 137.4203 137.4497 137.4794 137.5093 137.5393 137.5695 137.5999 137.6305 137.6613 137.6923 137.7234 137.7547 137.7863 137.8179 137.8498 137.8819 137.9141 137.9465 137.9791 138.0119 138.0448 138.078 138.1113 138.1447 138.1784 138.2122 138.2462 138.2804 138.3147 138.3492 138.3839 138.4188 138.4538 138.489 138.5243 138.5599 138.5955 138.6314 138.6674 138.7036 138.7399 138.7765 138.8131 138.85 138.887 138.9241 138.9615 138.9989 139.0366 139.0744 139.1123 139.1504 139.1773 139.1906
137.213 137.2351 137.2575 137.28 137.3027 137.3256 137.3486 137.3719 137.3977 137.426 137.4546 137.4835 137.5125 137.5417 137.5711 137.6006 137.6304 137.6603 137.6905 137.7208 137.7513 137.782 137.8128 137.8439 137.8751 137.9065 137.9381 137.9698 138.0018 138.0339 138.0662 138.0986 138.1313 138.1641 138.1971 138.2303 138.2636 138.2971 138.3308 138.3646 138.3987 138.4328 138.4672 138.5017 138.5364 138.5713 138.6063 138.6415 138.6769 138.7124 138.7481 138.7839 138.8199 138.8561 138.8924 138.9289 138.9656 139.0024 139.0394 139.0765 139.1138 139.1512 139.1739 139.1828
137.213 137.2351 137.2575 137.28 137.3027 137.3256 137.3486 137.3719 137.3977 137.426 137.4546 137.4835 137.5125 137.5417 137.5711 137.6006 137.6304 137.6603 137.6905 137.7208 137.7513 137.782 137.8128 137.8439 137.8751 137.9065 137.9381 137.9698 138.0018 138.0339 138.0662 138.0986 138.1313 138.1641 138.1971 138.2303 138.2636 138.2971 138.3308 138.3646 138.3987 138.4328 138.4672 138.5017 138.5364 138.5713 138.6063 138.6415 138.6769 138.7124 138.7481 138.7839 138.8199 138.8561 138.8924 138.9289 138.9656 139.0024 139.0394 139.0765 139.1138 139.1512 139.1739 139.1828
137.2517 137.2733 137.295 137.317 137.3391 137.3614 137.3839 137.4072 137.4329 137.4606 137.4886 137.5168 137.5452 137.5737 137.6025 137.6314 137.6605 137.6898 137.7193 137.749 137.7788 137.8088 137.839 137.8694 137.9 137.9307 137.9617 137.9928 138.0241 138.0555 138.0872 138.119 138.151 138.1831 138.2155 138.248 138.2806 138.3135 138.3465 138.3797 138.4131 138.4466 138.4803 138.5142 138.5482 138.5824 138.6168 138.6513 138.686 138.7209 138.7559 138.7911 138.8264 138.8619 138.8976 138.9334 138.9694 139.0055 139.0419 139.0783 139.1149 139.1483 139.1678 139.1745
137.2901 137.3111 137.3323 137.3536 137.3752 137.3969 137.4188 137.4421 137.4678 137.495 137.5223 137.5498 137.5775 137.6055 137.6335 137.6618 137.6903 137.7189 137.7478 137.7768 137.806 137.8354 137.8649 137.8947 137.9246 137.9547 137.9849 138.0154 138.046 138.0768 138.1078 138.139 138.1703 138.2018 138.2335 138.2653 138.2973 138.3295 138.3619 138.3944 138.4272 138.46 138.4931 138.5263 138.5596 138.5932 138.6269 138.6608 138.6948 138.729 138.7634 138.7979 138.8326 138.8674 138.9024 138.9376 138.9729 139.0084 139.044 139.0798 139.1158 139.145 139.1601 139.1658
137.2901 137.3111 137.3323 137.3536 137.3752 137.3969 137.4188 137.4421 137.4678 137.495 137.5223 137.5498 137.5775 137.6055 137.6335 137.6618 137.6903 137.7189 137.7478 137.7768 137.806 137.8354 137.8649 137.8947 137.9246 137.9547 137.9849 138.0154 138.046 138.0768 138.1078 138.139 138.1703 138.2018 138.2335 138.2653 138.2973 138.3295 138.3619 138.3944 138.4272 138.46 138.4931 138.5263 138.5596 138.5932 138.6269 138.6608 138.6948 138.729 138.7634 138.7979 138.8326 138.8674 138.9024 138.9376 138.9729 139.0084 139.044 139.0798 139.1158 139.145 139.1601 139.1658
137.3282 137.3486 137.3692 137.39 137.4109 137.432 137.4533 137.4767 137.5024 137.5289 137.5556 137.5825 137.6096 137.6368 137.6643 137.6919 137.7197 137.7477 137.7759 137.8043 137.8328 137.8615 137.8904 137.9195 137.9488 137.9782 138.0079 138.0377 138.0676 138.0978 138.1281 138.1586 138.1893 138.2202 138.2512 138.2824 138.3137 138.3453 138.377 138.4089 138.4409 138.4731 138.5055 138.5381 138.5708 138.6037 138.6367 138.6699 138.7033 138.7368 138.7705 138.8044 138.8384 138.8726 138.9069 138.9414 138.9761 139.0109 139.0459 139.081 139.1163 139.1412 139.1519 139.1566
137.3659 137.3858 137.4058 137.426 137.4463 137.4669 137.4878 137.511 137.5366 137.5625 137.5885 137.6148 137.6412 137.6678 137.6946 137.7216 137.7488 137.7761 137.8037 137.8314 137.8593 137.8874 137.9156 137.9441 137.9727 138.0015 138.0304 138.0596 138.0889 138.1184 138.1481 138.1779 138.208 138.2382 138.2685 138.2991 138.3298 138.3607 138.3917 138.4229 138.4543 138.4859 138.5176 138.5495 138.5816 138.6138 138.6462 138.6787 138.7114 138.7443 138.7774 138.8105 138.8439 138.8774 138.9111 138.9449 138.9789 139.0131 139.0474 139.0819 139.1165 139.137 139.1432 139.1469
137.4033 137.4226 137.442 137.4616 137.4814 137.5014 137.5223 137.5455 137.5705 137.5957 137.6211 137.6467 137.6725 137.6985 137.7247 137.751 137.7775 137.8042 137.8311 137.8582 137.8854 137.9129 137.9405 137.9682 137.9962 138.0244 138.0527 138.0812 138.1099 138.1387 138.1677 138.1969 138.2263 138.2559 138.2856 138.3154 138.3455 138.3757 138.4061 138.4367 138.4674 138.4983 138.5294 138.5606 138.592 138.6236 138.6553 138.6872 138.7193 138.7515 138.7839 138.8164 138.8491 138.882 138.915 138.9482 138.9815 139.015 139.0486 139.0824 139.1143 139.1316 139.1341 139.1368
137.4033 137.4226 137.442 137.4616 137.4814 137.5014 137.5223 137.5455 137.5705 137.5957 137.6211 137.6467 137.6725 137.6985 137.7247 137.751 137.7775 137.8042 137.8311 137.8582 137.8854 137.9129 137.9405 137.9682 137.9962 138.0244 138.0527 138.0812 138.1099 138.1387 138.1677 138.1969 138.2263 138.2559 138.2856 138.3154 138.3455 138.3757 138.4061 138.4367 138.4674 138.4983 138.5294 138.5606 138.592 138.6236 138.6553 138.6872 138.7193 138.7515 138.7839 138.8164 138.8491 138.882 138.915 138.9482 138.9815 139.015 139.0486 139.0824 139.1143 139.1316 139.1341 139.1368
137.4404 137.4591 137.478 137.497 137.5162 137.5356 137.5565 137.5796 137.604 137.6286 137.6534 137.6783 137.7035 137.7288 137.7543 137.78 137.8059 137.832 137.8582 137.8846 137.9112 137.938 137.965 137.9921 138.0194 138.0469 138.0746 138.1024 138.1305 138.1587 138.187 138.2156 138.2443 138.2732 138.3023 138.3315 138.3609 138.3905 138.4202 138.4501 138.4802 138.5105 138.5409 138.5714 138.6022 138.6331 138.6642 138.6954 138.7268 138.7583 138.7901 138.8219 138.854 138.8862 138.9185 138.9511 138.9837 139.0166 139.0495 139.0827 139.1102 139.123 139.1245 139.1262
137.4772 137.4953 137.5136 137.532 137.5507 137.5695 137.5904 137.6134 137.6372 137.6611 137.6853 137.7096 137.7341 137.7588 137.7836 137.8087 137.8339 137.8593 137.8849 137.9107 137.9367 137.9628 137.9891 138.0156 138.0423 138.0691 138.0962 138.1234 138.1507 138.1783 138.206 138.2339 138.262 138.2902 138.3186 138.3472 138.376 138.4049 138.434 138.4632 138.4926 138.5222 138.552 138.5819 138.612 138.6423 138.6727 138.7032 138.734 138.7649 138.796 138.8272 138.8586 138.8901 138.9218 138.9536 138.9857 139.0178 139.0502 139.0826 139.1057 139.114 139.1145 139.1152
137.4772 137.4953 137.5136 137.532 137.5507 137.5695 137.5904 137.6134 137.6372 137.6611 137.6853 137.7096 137.7341 137.7588 137.7836 137.8087 137.8339 137.8593 137.8849 137.9107 137.9367 137.9628 137.9891 138.0156 138.0423 138.0691 138.0962 138.1234 138.1507 138.1783 138.206 138.2339 138.262 138.2902 138.3186 138.3472 138.376 138.4049 138.434 138.4632 138.4926 138.5222 138.552 138.5819 138.612 138.6423 138.6727 138.7032 138.734 138.7649 138.796 138.8272 138.8586 138.8901 138.9218 138.9536 138.9857 139.0178 139.0502 139.0826 139.1057 139.114 139.1145 139.1152
137.5136 137.5311 137.5488 137.5667 137.5848 137.6033 137.624 137.6469 137.67 137.6933 137.7168 137.7405 137.7643 137.7884 137.8126 137.837 137.8616 137.8864 137.9113 137.9365 137.9618 137.9873 138.0129 138.0388 138.0648 138.091 138.1174 138.1439 138.1707 138.1976 138.2246 138.2519 138.2793 138.3069 138.3347 138.3626 138.3907 138.419 138.4474 138.476 138.5048 138.5337 138.5628 138.5921 138.6215 138.6511 138.6809 138.7108 138.7409 138.7711 138.8015 138.8321 138.8628 138.8937 138.9247 138.9559 138.9873 139.0188 139.0504 139.0823 139.1008 139.1045 139.1039 139.1037
137.5497 137.5667 137.5838 137.6011 137.6186 137.6371 137.6577 137.68 137.7025 137.7251 137.748 137.771 137.7943 137.8177 137.8412 137.865 137.8889 137.9131 137.9374 137.9619 137.9865 138.0114 138.0364 138.0616 138.087 138.1125 138.1383 138.1642 138.1903 138.2165 138.2429 138.2695 138.2963 138.3232 138.3504 138.3776 138.4051 138.4327 138.4605 138.4884 138.5166 138.5448 138.5733 138.6019 138.6307 138.6596 138.6887 138.718 138.7474 138.777 138.8068 138.8367 138.8667 138.897 138.9273 138.9579 138.9886 139.0194 139.0504 139.0809 139.0956 139.0945 139.093 139.0917
137.5855 137.6019 137.6184 137.6352 137.6521 137.6705 137.6911 137.7128 137.7346 137.7566 137.7788 137.8012 137.8238 137.8466 137.8695 137.8926 137.9159 137.9394 137.9631 137.9869 138.011 138.0352 138.0596 138.0841 138.1088 138.1337 138.1588 138.1841 138.2095 138.2351 138.2609 138.2868 138.313 138.3393 138.3657 138.3924 138.4192 138.4461 138.4733 138.5006 138.528 138.5557 138.5835 138.6114 138.6396 138.6678 138.6963 138.7249 138.7537 138.7826 138.8117 138.841 138.8704 138.8999 138.9297 138.9595 138.9896 139.0198 139.0501 139.076 139.0867 139.084 139.0816 139.0793
137.5855 137.6019 137.6184 137.6352 137.6521 137.6705 137.6911 137.7128 137.7346 137.7566 137.7788 137.8012 137.8238 137.8466 137.8695 137.8926 137.9159 137.9394 137.9631 137.9869 138.011 138.0352 138.0596 138.0841 138.1088 138.1337 138.1588 138.1841 138.2095 138.2351 138.2609 138.2868 138.313 138.3393 138.3657 138.3924 138.4192 138.4461 138.4733 138.5006 138.528 138.5557 138.5835 138.6114 138.6396 138.6678 138.6963 138.7249 138.7537 138.7826 138.8117 138.841 138.8704 138.8999 138.9297 138.9595 138.9896 139.0198 139.0501 139.076 139.0867 139.084 139.0816 139.0793
137.621 137.6368 137.6528 137.6689 137.6852 137.7037 137.7242 137.7452 137.7664 137.7878 137.8093 137.8311 137.853 137.8751 137.8974 137.9199 137.9426 137.9654 137.9885 138.0117 138.035 138.0586 138.0824 138.1063 138.1303 138.1546 138.179 138.2037 138.2285 138.2534 138.2785 138.3038 138.3293 138.355 138.3808 138.4068 138.4329 138.4592 138.4857 138.5124 138.5392 138.5662 138.5933 138.6206 138.6481 138.6757 138.7035 138.7315 138.7596 138.7879 138.8163 138.8449 138.8737 138.9026 138.9317 138.9609 138.9902 139.0198 139.0495 139.0708 139.0768 139.0732 139.0697 139.0665
137.6561 137.6713 137.6867 137.7023 137.7185 137.7367 137.7569 137.7772 137.7978 137.8185 137.8395 137.8606 137.8819 137.9034 137.925 137.9469 137.9689 137.9911 138.0135 138.0361 138.0588 138.0817 138.1048 138.1281 138.1515 138.1751 138.1989 138.2229 138.247 138.2714 138.2958 138.3205 138.3453 138.3703 138.3955 138.4208 138.4463 138.472 138.4978 138.5238 138.55 138.5763 138.6028 138.6295 138.6563 138.6833 138.7104 138.7377 138.7652 138.7928 138.8206 138.8486 138.8767 138.9049 138.9333 138.9619 138.9906 139.0195 139.0485 139.0653 139.0665 139.0618 139.0574 139.0531
137.6561 137.6713 137.6867 137.7023 137.7185 137.7367 137.7569 137.7772 137.7978 137.8185 137.8395 137.8606 137.8819 137.9034 137.925 137.9469 137.9689 137.9911 138.0135 138.0361 138.0588 138.0817 138.1048 138.1281 138.1515 138.1751 138.1989 138.2229 138.247 138.2714 138.2958 138.3205 138.3453 138.3703 138.3955 138.4208 138.4463 138.472 138.4978 138.5238 138.55 138.5763 138.6028 138.6295 138.6563 138.6833 138.7104 138.7377 138.7652 138.7928 138.8206 138.8486 138.8767 138.9049 138.9333 138.9619 138.9906 139.0195 139.0485 139.0653 139.0665 139.0618 139.0574 139.0531
137.6909 137.7056 137.7204 137.7354 137.7515 137.7696 137.7892 137.8089 137.8289 137.849 137.8693 137.8897 137.9104 137.9313 137.9523 137.9735 137.9949 138.0164 138.0382 138.0601 138.0822 138.1045 138.1269 138.1496 138.1724 138.1953 138.2185 138.2418 138.2653 138.289 138.3128 138.3368 138.361 138.3854 138.4099 138.4346 138.4594 138.4844 138.5096 138.535 138.5605 138.5862 138.612 138.638 138.6642 138.6906 138.717 138.7437 138.7705 138.7975 138.8246 138.8519 138.8793 138.907 138.9347 138.9626 138.9907 139.0189 139.0473 139.0593 139.0557 139.05 139.0446 139.0394
137.7254 137.7395 137.7538 137.7682 137.7842 137.8023 137.8212 137.8403 137.8596 137.8791 137.8987 137.9186 137.9386 137.9588 137.9792 137.9998 138.0205 138.0414 138.0625 138.0838 138.1053 138.1269 138.1487 138.1707 138.1929 138.2152 138.2377 138.2604 138.2832 138.3063 138.3295 138.3528 138.3764 138.4001 138.424 138.448 138.4722 138.4966 138.5211 138.5458 138.5707 138.5957 138.6209 138.6463 138.6718 138.6975 138.7233 138.7493 138.7755 138.8018 138.8283 138.8549 138.8817 138.9087 138.9358 138.963 138.9904 139.018 139.0425 139.0513 139.0444 139.0378 139.0313 139.0251
137.7254 137.7395 137.7538 137.7682 137.7842 137.8023 137.8212 137.8403 137.8596 137.8791 137.8987 137.9186 137.9386 137.9588 137.9792 137.9998 138.0205 138.0414 138.0625 138.0838 138.1053 138.1269 138.1487 138.1707 138.1929 138.2152 138.2377 138.2604 138.2832 138.3063 138.3295 138.3528 138.3764 138.4001 138.424 138.448 138.4722 138.4966 138.5211 138.5458 138.5707 138.5957 138.6209 138.6463 138.6718 138.6975 138.7233 138.7493 138.7755 138.8018 138.8283 138.8549 138.8817 138.9087 138.9358 138.963 138.9904 139.018 139.0425 139.0513 139.0444 139.0378 139.0313 139.0251
137.7596 137.7731 137.7868 137.8006 137.8166 137.8345 137.8528 137.8713 137.89 137.9088 137.9278 137.947 137.9664 137.986 138.0057 138.0257 138.0458 138.0661 138.0865 138.1072 138.128 138.149 138.1702 138.1915 138.213 138.2347 138.2566 138.2786 138.3008 138.3232 138.3458 138.3685 138.3914 138.4144 138.4377 138.4611 138.4846 138.5084 138.5323 138.5563 138.5805 138.6049 138.6295 138.6542 138.6791 138.7041 138.7293 138.7546 138.7802 138.8058 138.8316 138.8576 138.8838 138.9101 138.9365 138.9631 138.9899 139.0168 139.0366 139.0405 139.0327 139.025 139.0176 139.0105
137.7935 137.8064 137.8195 137.8333 137.849 137.8665 137.8841 137.902 137.92 137.9382 137.9566 137.9751 137.9939 138.0128 138.032 138.0512 138.0707 138.0904 138.1102 138.1302 138.1504 138.1707 138.1913 138.212 138.2329 138.2539 138.2751 138.2965 138.3181 138.3398 138.3618 138.3839 138.4061 138.4285 138.4511 138.4738 138.4968 138.5199 138.5431 138.5665 138.5901 138.6138 138.6377 138.6618 138.686 138.7104 138.7349 138.7596 138.7845 138.8095 138.8347 138.86 138.8855 138.9112 138.937 138.9629 138.989 139.0153 139.0303 139.0293 139.0205 139.0119 139.0035 138.9954
137.827 137.8394 137.8519 137.8656 137.8812 137.898 137.9151 137.9323 137.9497 137.9672 137.985 138.0029 138.021 138.0394 138.0578 138.0765 138.0953 138.1143 138.1335 138.1529 138.1724 138.1922 138.2121 138.2321 138.2524 138.2728 138.2934 138.3141 138.3351 138.3561 138.3774 138.3988 138.4205 138.4422 138.4642 138.4863 138.5086 138.531 138.5536 138.5764 138.5993 138.6224 138.6456 138.6691 138.6926 138.7164 138.7403 138.7643 138.7885 138.8129 138.8374 138.8621 138.887 138.912 138.9371 138.9624 138.9879 139.0135 139.0237 139.0176 139.0078 138.9983 138.9889 138.9798
137.827 137.8394 137.8519 137.8656 137.8812 137.898 137.9151 137.9323 137.9497 137.9672 137.985 138.0029 138.021 138.0394 138.0578 138.0765 138.0953 138.1143 138.1335 138.1529 138.1724 138.1922 138.2121 138.2321 138.2524 138.2728 138.2934 138.3141 138.3351 138.3561 138.3774 138.3988 138.4205 138.4422 138.4642 138.4863 138.5086 138.531 138.5536 138.5764 138.5993 138.6224 138.6456 138.6691 138.6926 138.7164 138.7403 138.7643 138.7885 138.8129 138.8374 138.8621 138.887 138.912 138.9371 138.9624 138.9879 139.0135 139.0237 139.0176 139.0078 138.9983 138.9889 138.9798
