saved_data/uwindnew.asc
ncols         508
nrows         366
xllcorner     -2219380.8969024
yllcorner     1941017.9463268
cellsize      3850
NODATA_value  -9999
[rows 140 to 167 of 366, columns 64 to 127 of 508]
131.9668 131.9669 131.9671 131.9674 131.9677 131.9681 131.9685 131.969 131.9696 131.9702 131.9709 131.9716 131.9724 131.9732 131.9741 131.9751 131.9761 131.9772 131.9783 131.9795 131.9808 131.9821 131.9834 131.9849 131.9863 131.9879 131.9895 131.9911 131.9928 131.9946 131.9964 131.9983 132.0002 132.0022 132.0042 132.0063 132.0084 132.0106 132.0129 132.0152 132.0175 132.02 132.0224 132.0249 132.0275 132.0302 132.0329 132.0356 132.0384 132.0412 132.0441 132.0471 132.05 132.0531 132.0562 132.0594 132.0626 132.0658 132.0692 132.0725 132.0759 132.0855 132.1029 132.1226
131.9665 131.9665 131.9666 131.9667 131.9669 131.9671 131.9674 131.9678 131.9682 131.9686 131.9692 131.9698 131.9704 131.9711 131.9719 131.9727 131.9736 131.9745 131.9755 131.9766 131.9777 131.9788 131.9801 131.9813 131.9827 131.9841 131.9855 131.987 131.9886 131.9902 131.9919 131.9936 131.9954 131.9972 131.9991 132.001 132.003 132.0051 132.0072 132.0093 132.0116 132.0138 132.0162 132.0185 132.021 132.0235 132.026 132.0286 132.0312 132.0339 132.0367 132.0395 132.0423 132.0452 132.0482 132.0512 132.0542 132.0574 132.0605 132.0637 132.0677 132.0798 132.0998 132.1197
131.9661 131.966 131.9659 131.9659 131.9659 131.966 131.9662 131.9664 131.9667 131.967 131.9674 131.9678 131.9683 131.9689 131.9695 131.9702 131.9709 131.9717 131.9726 131.9735 131.9745 131.9755 131.9766 131.9777 131.9789 131.9801 131.9814 131.9828 131.9842 131.9857 131.9872 131.9888 131.9904 131.9921 131.9939 131.9957 131.9975 131.9994 132.0014 132.0034 132.0055 132.0076 132.0098 132.012 132.0143 132.0166 132.019 132.0215 132.024 132.0265 132.0291 132.0318 132.0345 132.0372 132.04 132.0429 132.0458 132.0488 132.0518 132.0549 132.0616 132.0767 132.0969 132.1169
131.9656 131.9653 131.9651 131.965 131.9649 131.9648 131.9648 131.9649 131.965 131.9652 131.9655 131.9658 131.9662 131.9666 131.9671 131.9676 131.9682 131.9688 131.9695 131.9703 131.9711 131.972 131.9729 131.9739 131.975 131.9761 131.9772 131.9785 131.9797 131.9811 131.9825 131.9839 131.9854 131.9869 131.9885 131.9902 131.9919 131.9937 131.9955 131.9973 131.9993 132.0012 132.0033 132.0054 132.0075 132.0097 132.0119 132.0142 132.0166 132.019 132.0214 132.0239 132.0265 132.0291 132.0318 132.0345 132.0372 132.0401 132.0429 132.0459 132.0556 132.0737 132.0941 132.1143
131.9656 131.9653 131.9651 131.965 131.9649 131.9648 131.9648 131.9649 131.965 131.9652 131.9655 131.9658 131.9662 131.9666 131.9671 131.9676 131.9682 131.9688 131.9695 131.9703 131.9711 131.972 131.9729 131.9739 131.975 131.9761 131.9772 131.9785 131.9797 131.9811 131.9825 131.9839 131.9854 131.9869 131.9885 131.9902 131.9919 131.9937 131.9955 131.9973 131.9993 132.0012 132.0033 132.0054 132.0075 132.0097 132.0119 132.0142 132.0166 132.019 132.0214 132.0239 132.0265 132.0291 132.0318 132.0345 132.0372 132.0401 132.0429 132.0459 132.0556 132.0737 132.0941 132.1143
131.965 131.9646 131.9642 131.9639 131.9637 131.9635 131.9634 131.9633 131.9633 131.9633 131.9635 131.9636 131.9639 131.9641 131.9645 131.9649 131.9653 131.9658 131.9664 131.967 131.9677 131.9684 131.9692 131.9701 131.971 131.9719 131.973 131.974 131.9752 131.9763 131.9776 131.9789 131.9802 131.9816 131.9831 131.9846 131.9861 131.9878 131.9894 131.9912 131.9929 131.9948 131.9967 131.9986 132.0006 132.0026 132.0047 132.0069 132.0091 132.0114 132.0137 132.016 132.0184 132.0209 132.0234 132.026 132.0286 132.0313 132.034 132.0378 132.0502 132.0709 132.0914 132.1119
131.9642 131.9637 131.9632 131.9628 131.9624 131.9621 131.9618 131.9616 131.9614 131.9613 131.9613 131.9613 131.9614 131.9616 131.9618 131.962 131.9623 131.9627 131.9631 131.9636 131.9642 131.9647 131.9654 131.9661 131.9669 131.9677 131.9686 131.9695 131.9705 131.9715 131.9726 131.9737 131.9749 131.9762 131.9775 131.9789 131.9803 131.9818 131.9833 131.9849 131.9865 131.9882 131.9899 131.9917 131.9936 131.9955 131.9974 131.9994 132.0015 132.0036 132.0058 132.008 132.0103 132.0126 132.0149 132.0174 132.0198 132.0224 132.0249 132.0317 132.0473 132.0681 132.0889 132.1096
131.9642 131.9637 131.9632 131.9628 131.9624 131.9621 131.9618 131.9616 131.9614 131.9613 131.9613 131.9613 131.9614 131.9616 131.9618 131.962 131.9623 131.9627 131.9631 131.9636 131.9642 131.9647 131.9654 131.9661 131.9669 131.9677 131.9686 131.9695 131.9705 131.9715 131.9726 131.9737 131.9749 131.9762 131.9775 131.9789 131.9803 131.9818 131.9833 131.9849 131.9865 131.9882 131.9899 131.9917 131.9936 131.9955 131.9974 131.9994 132.0015 132.0036 132.0058 132.008 132.0103 132.0126 132.0149 132.0174 132.0198 132.0224 132.0249 132.0317 132.0473 132.0681 132.0889 132.1096
131.9634 131.9627 131.9621 131.9615 131.961 131.9605 131.9601 131.9597 131.9595 131.9592 131.9591 131.959 131.9589 131.9589 131.959 131.9591 131.9592 131.9595 131.9597 131.9601 131.9605 131.9609 131.9614 131.962 131.9626 131.9633 131.964 131.9648 131.9657 131.9665 131.9675 131.9685 131.9696 131.9707 131.9718 131.9731 131.9743 131.9757 131.9771 131.9785 131.98 131.9815 131.9831 131.9848 131.9865 131.9882 131.99 131.9919 131.9938 131.9958 131.9978 131.9998 132.002 132.0041 132.0063 132.0086 132.011 132.0133 132.0158 132.0257 132.0446 132.0656 132.0865 132.1074
131.9624 131.9616 131.9608 131.9601 131.9594 131.9588 131.9583 131.9578 131.9574 131.957 131.9567 131.9565 131.9563 131.9561 131.956 131.956 131.956 131.9561 131.9563 131.9565 131.9567 131.957 131.9574 131.9578 131.9583 131.9588 131.9594 131.96 131.9607 131.9615 131.9623 131.9632 131.9641 131.965 131.9661 131.9671 131.9683 131.9695 131.9707 131.972 131.9733 131.9747 131.9762 131.9777 131.9792 131.9809 131.9825 131.9842 131.986 131.9878 131.9897 131.9916 131.9936 131.9956 131.9977 131.9998 132.002 132.0042 132.0079 132.0207 132.042 132.0632 132.0843 132.1053
131.9613 131.9604 131.9594 131.9586 131.9578 131.957 131.9564 131.9557 131.9552 131.9547 131.9542 131.9538 131.9535 131.9532 131.953 131.9528 131.9527 131.9526 131.9527 131.9527 131.9528 131.953 131.9532 131.9535 131.9538 131.9542 131.9547 131.9552 131.9557 131.9563 131.957 131.9577 131.9585 131.9593 131.9602 131.9611 131.9621 131.9631 131.9642 131.9654 131.9666 131.9678 131.9691 131.9705 131.9719 131.9734 131.9749 131.9765 131.9781 131.9798 131.9815 131.9832 131.9851 131.987 131.9889 131.9909 131.9929 131.995 132.0018 132.0181 132.0395 132.0609 132.0822 132.1034
131.9613 131.9604 131.9594 131.9586 131.9578 131.957 131.9564 131.9557 131.9552 131.9547 131.9542 131.9538 131.9535 131.9532 131.953 131.9528 131.9527 131.9526 131.9527 131.9527 131.9528 131.953 131.9532 131.9535 131.9538 131.9542 131.9547 131.9552 131.9557 131.9563 131.957 131.9577 131.9585 131.9593 131.9602 131.9611 131.9621 131.9631 131.9642 131.9654 131.9666 131.9678 131.9691 131.9705 131.9719 131.9734 131.9749 131.9765 131.9781 131.9798 131.9815 131.9832 131.9851 131.987 131.9889 131.9909 131.9929 131.995 132.0018 132.0181 132.0395 132.0609 132.0822 132.1034
131.9601 131.959 131.958 131.957 131.956 131.9552 131.9543 131.9536 131.9529 131.9522 131.9516 131.9511 131.9506 131.9502 131.9498 131.9495 131.9492 131.9491 131.9489 131.9488 131.9488 131.9488 131.9489 131.9491 131.9492 131.9495 131.9498 131.9501 131.9506 131.951 131.9516 131.9521 131.9528 131.9534 131.9542 131.955 131.9558 131.9567 131.9577 131.9587 131.9597 131.9608 131.962 131.9632 131.9645 131.9658 131.9672 131.9686 131.9701 131.9716 131.9732 131.9748 131.9765 131.9782 131.98 131.9818 131.9837 131.9856 131.9958 132.0155 132.0372 132.0587 132.0802 132.1016
131.9588 131.9576 131.9564 131.9552 131.9541 131.9531 131.9522 131.9513 131.9504 131.9496 131.9489 131.9482 131.9476 131.9471 131.9465 131.9461 131.9457 131.9454 131.9451 131.9449 131.9447 131.9446 131.9445 131.9445 131.9446 131.9447 131.9448 131.945 131.9453 131.9456 131.946 131.9465 131.9469 131.9475 131.9481 131.9487 131.9494 131.9502 131.951 131.9518 131.9528 131.9537 131.9547 131.9558 131.9569 131.9581 131.9593 131.9606 131.9619 131.9633 131.9648 131.9662 131.9678 131.9694 131.971 131.9727 131.9744 131.978 131.9912 132.0131 132.0349 132.0567 132.0784 132.1
131.9588 131.9576 131.9564 131.9552 131.9541 131.9531 131.9522 131.9513 131.9504 131.9496 131.9489 131.9482 131.9476 131.9471 131.9465 131.9461 131.9457 131.9454 131.9451 131.9449 131.9447 131.9446 131.9445 131.9445 131.9446 131.9447 131.9448 131.945 131.9453 131.9456 131.946 131.9465 131.9469 131.9475 131.9481 131.9487 131.9494 131.9502 131.951 131.9518 131.9528 131.9537 131.9547 131.9558 131.9569 131.9581 131.9593 131.9606 131.9619 131.9633 131.9648 131.9662 131.9678 131.9694 131.971 131.9727 131.9744 131.978 131.9912 132.0131 132.0349 132.0567 132.0784 132.1
131.9574 131.956 131.9547 131.9534 131.9522 131.951 131.9499 131.9489 131.9479 131.9469 131.9461 131.9453 131.9445 131.9438 131.9432 131.9426 131.942 131.9416 131.9411 131.9408 131.9405 131.9402 131.94 131.9398 131.9398 131.9397 131.9397 131.9398 131.94 131.9401 131.9404 131.9407 131.941 131.9414 131.9418 131.9424 131.9429 131.9435 131.9442 131.9449 131.9457 131.9465 131.9474 131.9483 131.9493 131.9503 131.9514 131.9525 131.9537 131.9549 131.9562 131.9576 131.959 131.9604 131.9619 131.9634 131.965 131.972 131.9888 132.0109 132.0329 132.0548 132.0767 132.0985
131.9558 131.9543 131.9528 131.9514 131.9501 131.9488 131.9475 131.9464 131.9452 131.9442 131.9431 131.9422 131.9413 131.9404 131.9397 131.9389 131.9383 131.9376 131.9371 131.9366 131.9361 131.9357 131.9354 131.9351 131.9349 131.9347 131.9346 131.9345 131.9345 131.9345 131.9346 131.9348 131.935 131.9352 131.9355 131.9359 131.9363 131.9368 131.9373 131.9379 131.9385 131.9392 131.9399 131.9407 131.9415 131.9424 131.9433 131.9443 131.9454 131.9465 131.9476 131.9488 131.95 131.9513 131.9527 131.9541 131.9555 131.966 131.9865 132.0088 132.031 132.0531 132.0751 132.0971
131.9542 131.9525 131.9509 131.9493 131.9478 131.9464 131.945 131.9437 131.9424 131.9412 131.9401 131.939 131.938 131.937 131.9361 131.9352 131.9344 131.9336 131.9329 131.9323 131.9317 131.9311 131.9306 131.9302 131.9299 131.9295 131.9293 131.929 131.9289 131.9288 131.9287 131.9288 131.9288 131.9289 131.9291 131.9293 131.9296 131.9299 131.9303 131.9307 131.9312 131.9317 131.9323 131.933 131.9336 131.9344 131.9352 131.936 131.9369 131.9379 131.9389 131.9399 131.941 131.9422 131.9433 131.9446 131.9481 131.9618 131.9843 132.0068 132.0292 132.0515 132.0737 132.0959
131.9542 131.9525 131.9509 131.9493 131.9478 131.9464 131.945 131.9437 131.9424 131.9412 131.9401 131.939 131.938 131.937 131.9361 131.9352 131.9344 131.9336 131.9329 131.9323 131.9317 131.9311 131.9306 131.9302 131.9299 131.9295 131.9293 131.929 131.9289 131.9288 131.9287 131.9288 131.9288 131.9289 131.9291 131.9293 131.9296 131.9299 131.9303 131.9307 131.9312 131.9317 131.9323 131.933 131.9336 131.9344 131.9352 131.936 131.9369 131.9379 131.9389 131.9399 131.941 131.9422 131.9433 131.9446 131.9481 131.9618 131.9843 132.0068 132.0292 132.0515 132.0737 132.0959
131.9524 131.9506 131.9488 131.9471 131.9455 131.9439 131.9424 131.941 131.9396 131.9382 131.9369 131.9357 131.9345 131.9334 131.9323 131.9313 131.9304 131.9295 131.9286 131.9278 131.9271 131.9264 131.9258 131.9252 131.9247 131.9243 131.9239 131.9235 131.9232 131.923 131.9228 131.9226 131.9225 131.9225 131.9225 131.9226 131.9227 131.9229 131.9232 131.9234 131.9238 131.9242 131.9246 131.9251 131.9257 131.9263 131.9269 131.9276 131.9284 131.9292 131.93 131.9309 131.9319 131.9329 131.9339 131.935 131.9421 131.9596 131.9823 132.0049 132.0275 132.05 132.0725 132.0948
131.9505 131.9485 131.9467 131.9448 131.9431 131.9414 131.9397 131.9381 131.9366 131.9351 131.9337 131.9323 131.931 131.9297 131.9285 131.9274 131.9263 131.9252 131.9242 131.9233 131.9224 131.9216 131.9209 131.9201 131.9195 131.9189 131.9183 131.9178 131.9174 131.917 131.9167 131.9164 131.9162 131.916 131.9159 131.9158 131.9158 131.9158 131.9159 131.9161 131.9163 131.9165 131.9168 131.9172 131.9176 131.918 131.9185 131.9191 131.9197 131.9203 131.9211 131.9218 131.9226 131.9235 131.9244 131.9254 131.9362 131.9575 131.9804 132.0033 132.026 132.0487 132.0713 132.0939
131.9505 131.9485 131.9467 131.9448 131.9431 131.9414 131.9397 131.9381 131.9366 131.9351 131.9337 131.9323 131.931 131.9297 131.9285 131.9274 131.9263 131.9252 131.9242 131.9233 131.9224 131.9216 131.9209 131.9201 131.9195 131.9189 131.9183 131.9178 131.9174 131.917 131.9167 131.9164 131.9162 131.916 131.9159 131.9158 131.9158 131.9158 131.9159 131.9161 131.9163 131.9165 131.9168 131.9172 131.9176 131.918 131.9185 131.9191 131.9197 131.9203 131.9211 131.9218 131.9226 131.9235 131.9244 131.9254 131.9362 131.9575 131.9804 132.0033 132.026 132.0487 132.0713 132.0939
131.9485 131.9464 131.9444 131.9424 131.9405 131.9387 131.9369 131.9351 131.9335 131.9318 131.9303 131.9288 131.9273 131.9259 131.9246 131.9233 131.922 131.9209 131.9197 131.9187 131.9176 131.9167 131.9158 131.9149 131.9141 131.9134 131.9127 131.9121 131.9115 131.911 131.9105 131.9101 131.9097 131.9094 131.9091 131.9089 131.9088 131.9087 131.9086 131.9086 131.9087 131.9088 131.9089 131.9091 131.9094 131.9097 131.91 131.9105 131.9109 131.9114 131.912 131.9126 131.9133 131.914 131.9148 131.9182 131.9324 131.9556 131.9787 132.0017 132.0246 132.0475 132.0703 132.0931
131.9464 131.9441 131.942 131.9399 131.9378 131.9359 131.9339 131.9321 131.9302 131.9285 131.9268 131.9251 131.9235 131.922 131.9205 131.9191 131.9177 131.9164 131.9151 131.9139 131.9128 131.9117 131.9106 131.9096 131.9087 131.9078 131.907 131.9062 131.9055 131.9048 131.9042 131.9036 131.9031 131.9027 131.9023 131.9019 131.9016 131.9014 131.9012 131.901 131.9009 131.9009 131.9009 131.901 131.9011 131.9013 131.9015 131.9017 131.9021 131.9024 131.9028 131.9033 131.9038 131.9044 131.905 131.9123 131.9304 131.9538 131.9771 132.0003 132.0234 132.0465 132.0695 132.0924
131.9441 131.9418 131.9395 131.9372 131.9351 131.9329 131.9309 131.9288 131.9269 131.925 131.9232 131.9214 131.9196 131.918 131.9163 131.9148 131.9133 131.9118 131.9104 131.909 131.9077 131.9065 131.9053 131.9042 131.9031 131.9021 131.9011 131.9002 131.8994 131.8985 131.8978 131.8971 131.8964 131.8958 131.8953 131.8948 131.8943 131.894 131.8936 131.8933 131.8931 131.8929 131.8928 131.8927 131.8927 131.8927 131.8928 131.8929 131.8931 131.8933 131.8936 131.8939 131.8943 131.8947 131.8952 131.9064 131.9286 131.9521 131.9756 131.999 132.0223 132.0455 132.0687 132.0918
131.9441 131.9418 131.9395 131.9372 131.9351 131.9329 131.9309 131.9288 131.9269 131.925 131.9232 131.9214 131.9196 131.918 131.9163 131.9148 131.9133 131.9118 131.9104 131.909 131.9077 131.9065 131.9053 131.9042 131.9031 131.9021 131.9011 131.9002 131.8994 131.8985 131.8978 131.8971 131.8964 131.8958 131.8953 131.8948 131.8943 131.894 131.8936 131.8933 131.8931 131.8929 131.8928 131.8927 131.8927 131.8927 131.8928 131.8929 131.8931 131.8933 131.8936 131.8939 131.8943 131.8947 131.8952 131.9064 131.9286 131.9521 131.9756 131.999 132.0223 132.0455 132.0687 132.0918
131.9418 131.9393 131.9368 131.9345 131.9322 131.9299 131.9277 131.9255 131.9234 131.9214 131.9194 131.9175 131.9156 131.9138 131.912 131.9103 131.9087 131.9071 131.9056 131.9041 131.9026 131.9013 131.8999 131.8987 131.8974 131.8963 131.8952 131.8941 131.8931 131.8922 131.8913 131.8904 131.8896 131.8889 131.8882 131.8876 131.887 131.8864 131.886 131.8855 131.8852 131.8848 131.8846 131.8844 131.8842 131.8841 131.884 131.884 131.884 131.8841 131.8842 131.8844 131.8846 131.8849 131.8884 131.9031 131.9268 131.9506 131.9742 131.9978 132.0213 132.0448 132.0681 132.0914
131.9393 131.9367 131.9341 131.9316 131.9292 131.9267 131.9244 131.9221 131.9199 131.9177 131.9156 131.9135 131.9115 131.9096 131.9077 131.9058 131.904 131.9023 131.9006 131.899 131.8974 131.8959 131.8944 131.893 131.8917 131.8904 131.8891 131.8879 131.8868 131.8857 131.8846 131.8837 131.8827 131.8818 131.881 131.8802 131.8795 131.8788 131.8782 131.8776 131.8771 131.8767 131.8762 131.8759 131.8756 131.8753 131.8751 131.8749 131.8748 131.8748 131.8748 131.8748 131.8749 131.875 131.8825 131.9013 131.9253 131.9492 131.973 131.9968 132.0205 132.0441 132.0677 132.0912
