saved_data/uwindnew.asc
ncols         508
nrows         366
xllcorner     -2219380.8969024
yllcorner     1941017.9463268
cellsize      3850
NODATA_value  -9999
[rows 280 to 307 of 366, columns 384 to 447 of 508]
138.9417 138.9187 138.8959 138.8732 138.8507 138.8283 138.806 138.7838 138.7617 138.7398 138.718 138.6963 138.6747 138.6532 138.6319 138.6107 138.5895 138.5685 138.5476 138.5268 138.5061 138.4855 138.465 138.4446 138.4243 138.4042 138.384 138.3641 138.3441 138.3248 138.3087 138.2957 138.2827 138.2698 138.2569 138.244 138.2312 138.2185 138.2057 138.193 138.1803 138.1677 138.1551 138.1425 138.1299 138.1174 138.1049 138.0924 138.08 138.0675 138.0551 138.0427 138.0303 138.018 138.0056 137.9933 137.981 137.9687 137.9564 137.9441 137.9319 137.9196 137.9073 137.8951
138.7611 138.7367 138.7125 138.6884 138.6644 138.6405 138.6168 138.5932 138.5697 138.5464 138.5231 138.5 138.477 138.4541 138.4314 138.4087 138.3861 138.3637 138.3414 138.3191 138.297 138.275 138.2531 138.2312 138.2095 138.1879 138.1664 138.1449 138.1236 138.1032 138.0863 138.0723 138.0583 138.0443 138.0304 138.0165 138.0026 137.9888 137.9751 137.9613 137.9476 137.9339 137.9202 137.9066 137.893 137.8794 137.8659 137.8524 137.8389 137.8254 137.8119 137.7985 137.7851 137.7717 137.7583 137.7449 137.7316 137.7182 137.7049 137.6916 137.6783 137.665 137.6517 137.6384
138.5801 138.5543 138.5286 138.5031 138.4777 138.4525 138.4273 138.4023 138.3774 138.3526 138.3279 138.3034 138.279 138.2547 138.2305 138.2064 138.1824 138.1585 138.1348 138.1111 138.0876 138.0641 138.0408 138.0175 137.9944 137.9713 137.9483 137.9255 137.9027 137.8814 137.8637 137.8486 137.8336 137.8186 137.8036 137.7887 137.7738 137.759 137.7442 137.7294 137.7146 137.6999 137.6852 137.6705 137.6559 137.6413 137.6267 137.6121 137.5976 137.5831 137.5686 137.5541 137.5396 137.5252 137.5108 137.4964 137.482 137.4676 137.4532 137.4388 137.4245 137.4101 137.3958 137.3815
138.5801 138.5543 138.5286 138.5031 138.4777 138.4525 138.4273 138.4023 138.3774 138.3526 138.3279 138.3034 138.279 138.2547 138.2305 138.2064 138.1824 138.1585 138.1348 138.1111 138.0876 138.0641 138.0408 138.0175 137.9944 137.9713 137.9483 137.9255 137.9027 137.8814 137.8637 137.8486 137.8336 137.8186 137.8036 137.7887 137.7738 137.759 137.7442 137.7294 137.7146 137.6999 137.6852 137.6705 137.6559 137.6413 137.6267 137.6121 137.5976 137.5831 137.5686 137.5541 137.5396 137.5252 137.5108 137.4964 137.482 137.4676 137.4532 137.4388 137.4245 137.4101 137.3958 137.3815
138.3987 138.3715 138.3445 138.3175 138.2907 138.264 138.2374 138.211 138.1847 138.1585 138.1324 138.1064 138.0806 138.0549 138.0292 138.0037 137.9783 137.953 137.9278 137.9028 137.8778 137.8529 137.8281 137.8035 137.7789 137.7544 137.73 137.7057 137.6815 137.6593 137.6409 137.6248 137.6087 137.5927 137.5767 137.5607 137.5448 137.5289 137.5131 137.4973 137.4815 137.4657 137.45 137.4343 137.4186 137.4029 137.3873 137.3717 137.3561 137.3406 137.325 137.3095 137.294 137.2785 137.2631 137.2476 137.2322 137.2168 137.2013 137.1859 137.1705 137.1552 137.1398 137.1244
138.217 138.1884 138.1599 138.1315 138.1033 138.0752 138.0472 138.0193 137.9916 137.964 137.9365 137.9091 137.8819 137.8547 137.8276 137.8007 137.7739 137.7472 137.7206 137.6941 137.6677 137.6414 137.6152 137.5891 137.5631 137.5372 137.5114 137.4857 137.46 137.437 137.4179 137.4007 137.3836 137.3666 137.3495 137.3326 137.3156 137.2987 137.2818 137.2649 137.2481 137.2313 137.2145 137.1978 137.1811 137.1644 137.1477 137.1311 137.1145 137.0979 137.0813 137.0648 137.0482 137.0317 137.0152 136.9987 136.9822 136.9658 136.9493 136.9329 136.9164 136.9 136.8836 136.8672
138.217 138.1884 138.1599 138.1315 138.1033 138.0752 138.0472 138.0193 137.9916 137.964 137.9365 137.9091 137.8819 137.8547 137.8276 137.8007 137.7739 137.7472 137.7206 137.6941 137.6677 137.6414 137.6152 137.5891 137.5631 137.5372 137.5114 137.4857 137.46 137.437 137.4179 137.4007 137.3836 137.3666 137.3495 137.3326 137.3156 137.2987 137.2818 137.2649 137.2481 137.2313 137.2145 137.1978 137.1811 137.1644 137.1477 137.1311 137.1145 137.0979 137.0813 137.0648 137.0482 137.0317 137.0152 136.9987 136.9822 136.9658 136.9493 136.9329 136.9164 136.9 136.8836 136.8672
138.0349 138.0049 137.975 137.9452 137.9155 137.886 137.8566 137.8273 137.7982 137.7691 137.7402 137.7114 137.6828 137.6542 137.6257 137.5974 137.5691 137.541 137.513 137.485 137.4572 137.4295 137.4019 137.3744 137.347 137.3196 137.2924 137.2653 137.2382 137.2144 137.1946 137.1765 137.1583 137.1402 137.1222 137.1041 137.0862 137.0682 137.0503 137.0324 137.0145 136.9967 136.9789 136.9611 136.9434 136.9256 136.908 136.8903 136.8726 136.855 136.8374 136.8198 136.8022 136.7847 136.7671 136.7496 136.7321 136.7146 136.6971 136.6796 136.6622 136.6447 136.6272 136.6098
137.8524 137.821 137.7897 137.7585 137.7274 137.6965 137.6657 137.635 137.6044 137.574 137.5436 137.5134 137.4833 137.4533 137.4235 137.3937 137.364 137.3345 137.3051 137.2757 137.2465 137.2173 137.1883 137.1594 137.1305 137.1018 137.0731 137.0446 137.0161 136.9915 136.9712 136.952 136.9328 136.9137 136.8946 136.8755 136.8565 136.8375 136.8186 136.7996 136.7807 136.7619 136.7431 136.7242 136.7055 136.6867 136.668 136.6493 136.6306 136.6119 136.5933 136.5747 136.556 136.5375 136.5189 136.5003 136.4818 136.4632 136.4447 136.4262 136.4077 136.3892 136.3707 136.3522
137.6696 137.6367 137.604 137.5714 137.5389 137.5066 137.4744 137.4423 137.4103 137.3784 137.3467 137.3151 137.2836 137.2522 137.2209 137.1897 137.1586 137.1276 137.0968 137.066 137.0354 137.0048 136.9744 136.944 136.9138 136.8836 136.8535 136.8235 136.7936 136.7683 136.7475 136.7273 136.7071 136.6869 136.6668 136.6467 136.6266 136.6066 136.5866 136.5667 136.5468 136.5269 136.507 136.4872 136.4674 136.4476 136.4278 136.4081 136.3884 136.3687 136.349 136.3293 136.3097 136.2901 136.2704 136.2509 136.2313 136.2117 136.1921 136.1726 136.1531 136.1335 136.114 136.0945
137.6696 137.6367 137.604 137.5714 137.5389 137.5066 137.4744 137.4423 137.4103 137.3784 137.3467 137.3151 137.2836 137.2522 137.2209 137.1897 137.1586 137.1276 137.0968 137.066 137.0354 137.0048 136.9744 136.944 136.9138 136.8836 136.8535 136.8235 136.7936 136.7683 136.7475 136.7273 136.7071 136.6869 136.6668 136.6467 136.6266 136.6066 136.5866 136.5667 136.5468 136.5269 136.507 136.4872 136.4674 136.4476 136.4278 136.4081 136.3884 136.3687 136.349 136.3293 136.3097 136.2901 136.2704 136.2509 136.2313 136.2117 136.1921 136.1726 136.1531 136.1335 136.114 136.0945
137.4863 137.4521 137.418 137.384 137.3501 137.3163 137.2827 137.2492 137.2158 137.1825 137.1494 137.1163 137.0834 137.0506 137.0179 136.9853 136.9528 136.9205 136.8882 136.856 136.8239 136.792 136.7601 136.7283 136.6967 136.6651 136.6336 136.6022 136.5712 136.5449 136.5236 136.5023 136.4811 136.4599 136.4388 136.4176 136.3966 136.3755 136.3545 136.3335 136.3126 136.2917 136.2708 136.2499 136.2291 136.2083 136.1875 136.1667 136.1459 136.1252 136.1045 136.0838 136.0631 136.0425 136.0218 136.0012 135.9806 135.96 135.9394 135.9188 135.8982 135.8777 135.8571 135.8365
137.3028 137.2671 137.2316 137.1962 137.1609 137.1257 137.0907 137.0558 137.021 136.9863 136.9517 136.9173 136.8829 136.8487 136.8146 136.7806 136.7467 136.713 136.6793 136.6457 136.6122 136.5788 136.5455 136.5123 136.4792 136.4463 136.4134 136.3806 136.3487 136.3218 136.2995 136.2772 136.2549 136.2327 136.2105 136.1884 136.1663 136.1442 136.1222 136.1002 136.0782 136.0562 136.0343 136.0124 135.9906 135.9687 135.9469 135.9251 135.9033 135.8816 135.8598 135.8381 135.8164 135.7947 135.773 135.7514 135.7297 135.7081 135.6865 135.6649 135.6433 135.6217 135.6001 135.5785
137.3028 137.2671 137.2316 137.1962 137.1609 137.1257 137.0907 137.0558 137.021 136.9863 136.9517 136.9173 136.8829 136.8487 136.8146 136.7806 136.7467 136.713 136.6793 136.6457 136.6122 136.5788 136.5455 136.5123 136.4792 136.4463 136.4134 136.3806 136.3487 136.3218 136.2995 136.2772 136.2549 136.2327 136.2105 136.1884 136.1663 136.1442 136.1222 136.1002 136.0782 136.0562 136.0343 136.0124 135.9906 135.9687 135.9469 135.9251 135.9033 135.8816 135.8598 135.8381 135.8164 135.7947 135.773 135.7514 135.7297 135.7081 135.6865 135.6649 135.6433 135.6217 135.6001 135.5785
137.1188 137.0817 137.0448 137.008 136.9713 136.9348 136.8983 136.862 136.8258 136.7897 136.7537 136.7179 136.6821 136.6465 136.611 136.5756 136.5403 136.5051 136.47 136.435 136.4001 136.3653 136.3306 136.296 136.2615 136.2271 136.1928 136.1586 136.126 136.0985 136.0751 136.0518 136.0286 136.0053 135.9821 135.959 135.9358 135.9127 135.8896 135.8666 135.8436 135.8206 135.7977 135.7748 135.7519 135.729 135.7061 135.6833 135.6605 135.6377 135.615 135.5922 135.5695 135.5468 135.5241 135.5014 135.4787 135.456 135.4334 135.4107 135.3881 135.3655 135.3428 135.3202
136.9345 136.896 136.8577 136.8195 136.7814 136.7434 136.7056 136.6679 136.6303 136.5928 136.5554 136.5181 136.481 136.444 136.407 136.3702 136.3335 136.2969 136.2604 136.224 136.1877 136.1515 136.1154 136.0794 136.0435 136.0077 135.9719 135.9363 135.903 135.875 135.8506 135.8262 135.802 135.7777 135.7535 135.7293 135.7051 135.681 135.6569 135.6328 135.6088 135.5848 135.5609 135.5369 135.513 135.4891 135.4652 135.4413 135.4175 135.3937 135.3699 135.3461 135.3224 135.2986 135.2749 135.2512 135.2275 135.2038 135.1801 135.1564 135.1328 135.1091 135.0855 135.0618
136.7498 136.7099 136.6702 136.6306 136.5911 136.5517 136.5125 136.4734 136.4344 136.3955 136.3567 136.318 136.2795 136.2411 136.2027 136.1645 136.1264 136.0884 136.0505 136.0127 135.975 135.9374 135.8999 135.8624 135.8251 135.7879 135.7508 135.7137 135.6797 135.6512 135.6258 135.6005 135.5751 135.5499 135.5246 135.4994 135.4742 135.4491 135.424 135.3989 135.3738 135.3488 135.3238 135.2988 135.2739 135.249 135.2241 135.1992 135.1743 135.1495 135.1247 135.0999 135.0751 135.0503 135.0256 135.0008 134.9761 134.9514 134.9267 134.902 134.8773 134.8526 134.8279 134.8032
136.7498 136.7099 136.6702 136.6306 136.5911 136.5517 136.5125 136.4734 136.4344 136.3955 136.3567 136.318 136.2795 136.2411 136.2027 136.1645 136.1264 136.0884 136.0505 136.0127 135.975 135.9374 135.8999 135.8624 135.8251 135.7879 135.7508 135.7137 135.6797 135.6512 135.6258 135.6005 135.5751 135.5499 135.5246 135.4994 135.4742 135.4491 135.424 135.3989 135.3738 135.3488 135.3238 135.2988 135.2739 135.249 135.2241 135.1992 135.1743 135.1495 135.1247 135.0999 135.0751 135.0503 135.0256 135.0008 134.9761 134.9514 134.9267 134.902 134.8773 134.8526 134.8279 134.8032
136.5647 136.5235 136.4824 136.4413 136.4005 136.3597 136.3191 136.2785 136.2381 136.1978 136.1577 136.1176 136.0777 136.0378 135.9981 135.9585 135.9189 135.8795 135.8402 135.801 135.7619 135.7229 135.684 135.6452 135.6064 135.5678 135.5293 135.4908 135.4562 135.4272 135.4008 135.3745 135.3481 135.3218 135.2955 135.2693 135.2431 135.2169 135.1908 135.1647 135.1386 135.1126 135.0866 135.0606 135.0346 135.0087 134.9827 134.9568 134.931 134.9051 134.8792 134.8534 134.8276 134.8018 134.776 134.7503 134.7245 134.6988 134.673 134.6473 134.6216 134.5959 134.5702 134.5445
136.3793 136.3367 136.2941 136.2517 136.2095 136.1673 136.1253 136.0833 136.0415 135.9999 135.9583 135.9168 135.8755 135.8342 135.7931 135.7521 135.7112 135.6703 135.6297 135.589 135.5485 135.5081 135.4678 135.4276 135.3875 135.3474 135.3075 135.2676 135.2324 135.203 135.1756 135.1482 135.1209 135.0936 135.0663 135.039 135.0118 134.9846 134.9575 134.9303 134.9032 134.8762 134.8491 134.8221 134.7951 134.7682 134.7412 134.7143 134.6874 134.6605 134.6336 134.6068 134.58 134.5531 134.5263 134.4995 134.4728 134.446 134.4193 134.3925 134.3658 134.339 134.3123 134.2856
136.3793 136.3367 136.2941 136.2517 136.2095 136.1673 136.1253 136.0833 136.0415 135.9999 135.9583 135.9168 135.8755 135.8342 135.7931 135.7521 135.7112 135.6703 135.6297 135.589 135.5485 135.5081 135.4678 135.4276 135.3875 135.3474 135.3075 135.2676 135.2324 135.203 135.1756 135.1482 135.1209 135.0936 135.0663 135.039 135.0118 134.9846 134.9575 134.9303 134.9032 134.8762 134.8491 134.8221 134.7951 134.7682 134.7412 134.7143 134.6874 134.6605 134.6336 134.6068 134.58 134.5531 134.5263 134.4995 134.4728 134.446 134.4193 134.3925 134.3658 134.339 134.3123 134.2856
136.1935 136.1495 136.1056 136.0618 136.0181 135.9745 135.9311 135.8878 135.8446 135.8015 135.7586 135.7157 135.673 135.6303 135.5878 135.5454 135.5031 135.4608 135.4187 135.3767 135.3348 135.293 135.2513 135.2097 135.1681 135.1267 135.0853 135.0441 135.0084 134.9787 134.9502 134.9218 134.8934 134.8651 134.8368 134.8085 134.7803 134.7521 134.7239 134.6957 134.6676 134.6396 134.6115 134.5835 134.5555 134.5275 134.4995 134.4716 134.4436 134.4157 134.3878 134.36 134.3321 134.3043 134.2765 134.2486 134.2209 134.1931 134.1653 134.1375 134.1097 134.082 134.0542 134.0265
136.0074 135.962 135.9166 135.8715 135.8264 135.7814 135.7366 135.6919 135.6473 135.6028 135.5585 135.5142 135.4701 135.4261 135.3821 135.3383 135.2946 135.251 135.2075 135.1641 135.1208 135.0776 135.0344 134.9914 134.9485 134.9057 134.8629 134.8203 134.7841 134.754 134.7245 134.6951 134.6657 134.6364 134.6071 134.5778 134.5485 134.5193 134.4901 134.461 134.4318 134.4027 134.3736 134.3446 134.3156 134.2866 134.2576 134.2286 134.1997 134.1708 134.1419 134.113 134.0841 134.0552 134.0264 133.9976 133.9688 133.9399 133.9111 133.8823 133.8536 133.8248 133.796 133.7672
136.0074 135.962 135.9166 135.8715 135.8264 135.7814 135.7366 135.6919 135.6473 135.6028 135.5585 135.5142 135.4701 135.4261 135.3821 135.3383 135.2946 135.251 135.2075 135.1641 135.1208 135.0776 135.0344 134.9914 134.9485 134.9057 134.8629 134.8203 134.7841 134.754 134.7245 134.6951 134.6657 134.6364 134.6071 134.5778 134.5485 134.5193 134.4901 134.461 134.4318 134.4027 134.3736 134.3446 134.3156 134.2866 134.2576 134.2286 134.1997 134.1708 134.1419 134.113 134.0841 134.0552 134.0264 133.9976 133.9688 133.9399 133.9111 133.8823 133.8536 133.8248 133.796 133.7672
135.8209 135.774 135.7274 135.6808 135.6343 135.588 135.5418 135.4957 135.4497 135.4038 135.3581 135.3124 135.2669 135.2215 135.1761 135.131 135.0858 135.0408 134.9959 134.9511 134.9064 134.8618 134.8173 134.7729 134.7285 134.6843 134.6402 134.5968 134.5597 134.5292 134.4987 134.4683 134.4379 134.4075 134.3772 134.3469 134.3166 134.2864 134.2561 134.226 134.1958 134.1657 134.1356 134.1055 134.0755 134.0455 134.0155 133.9855 133.9556 133.9256 133.8957 133.8658 133.8359 133.806 133.7762 133.7463 133.7165 133.6866 133.6568 133.627 133.5972 133.5674 133.5376 133.5078
135.634 135.5858 135.5377 135.4897 135.4419 135.3942 135.3466 135.2991 135.2517 135.2045 135.1573 135.1103 135.0634 135.0165 134.9698 134.9232 134.8767 134.8303 134.784 134.7378 134.6917 134.6457 134.5998 134.554 134.5083 134.4627 134.4171 134.3731 134.3357 134.3041 134.2726 134.2412 134.2098 134.1784 134.147 134.1157 134.0844 134.0532 134.022 133.9908 133.9596 133.9285 133.8974 133.8663 133.8353 133.8042 133.7732 133.7422 133.7112 133.6803 133.6493 133.6184 133.5875 133.5566 133.5257 133.4949 133.464 133.4332 133.4023 133.3715 133.3407 133.3098 133.279 133.2482
135.4468 135.3972 135.3477 135.2983 135.2491 135.2 135.151 135.1021 135.0534 135.0047 134.9562 134.9078 134.8595 134.8113 134.7632 134.7152 134.6673 134.6195 134.5718 134.5242 134.4767 134.4293 134.382 134.3348 134.2877 134.2407 134.1938 134.1492 134.1114 134.0789 134.0464 134.0139 133.9815 133.9491 133.9167 133.8844 133.8521 133.8198 133.7876 133.7554 133.7232 133.6911 133.659 133.6269 133.5948 133.5627 133.5307 133.4987 133.4667 133.4347 133.4028 133.3708 133.3389 133.307 133.2751 133.2432 133.2114 133.1795 133.1477 133.1158 133.084 133.0521 133.0203 132.9885
135.4468 135.3972 135.3477 135.2983 135.2491 135.2 135.151 135.1021 135.0534 135.0047 134.9562 134.9078 134.8595 134.8113 134.7632 134.7152 134.6673 134.6195 134.5718 134.5242 134.4767 134.4293 134.382 134.3348 134.2877 134.2407 134.1938 134.1492 134.1114 134.0789 134.0464 134.0139 133.9815 133.9491 133.9167 133.8844 133.8521 133.8198 133.7876 133.7554 133.7232 133.6911 133.659 133.6269 133.5948 133.5627 133.5307 133.4987 133.4667 133.4347 133.4028 133.3708 133.3389 133.307 133.2751 133.2432 133.2114 133.1795 133.1477 133.1158 133.084 133.0521 133.0203 132.9885
