saved_data/vwindnew.asc
ncols         508
nrows         366
xllcorner     -2219380.8969024
yllcorner     1941017.9463268
cellsize      3850
NODATA_value  -9999
[rows 84 to 111 of 366, columns 320 to 383 of 508]
115.75 115.776 115.8019 115.8277 115.8534 115.8791 115.9047 115.9301 115.9556 115.9809 116.0061 116.0313 116.0564 116.0814 116.1084 116.1389 116.1704 116.2021 116.2339 116.2658 116.2978 116.3299 116.3622 116.3945 116.4269 116.4594 116.4921 116.5248 116.5577 116.5906 116.6237 116.6569 116.6901 116.7235 116.757 116.7905 116.8242 116.858 116.8919 116.9259 116.96 116.9942 117.0285 117.0629 117.0974 117.132 117.1667 117.2015 117.2364 117.2714 117.3065 117.3417 117.377 117.4125 117.448 117.4836 117.5193 117.5551 117.591 117.627 117.6632 117.6994 117.7288 117.7488
115.75 115.776 115.8019 115.8277 115.8534 115.8791 115.9047 115.9301 115.9556 115.9809 116.0061 116.0313 116.0564 116.0814 116.1084 116.1389 116.1704 116.2021 116.2339 116.2658 116.2978 116.3299 116.3622 116.3945 116.4269 116.4594 116.4921 116.5248 116.5577 116.5906 116.6237 116.6569 116.6901 116.7235 116.757 116.7905 116.8242 116.858 116.8919 116.9259 116.96 116.9942 117.0285 117.0629 117.0974 117.132 117.1667 117.2015 117.2364 117.2714 117.3065 117.3417 117.377 117.4125 117.448 117.4836 117.5193 117.5551 117.591 117.627 117.6632 117.6994 117.7288 117.7488
115.9364 115.9632 115.9898 116.0164 116.0429 116.0693 116.0956 116.1218 116.148 116.1741 116.2001 116.226 116.2519 116.2777 116.3057 116.3366 116.3681 116.3996 116.4312 116.463 116.4948 116.5268 116.5588 116.591 116.6233 116.6557 116.6881 116.7207 116.7534 116.7862 116.8191 116.8521 116.8852 116.9185 116.9518 116.9852 117.0187 117.0523 117.0861 117.1199 117.1538 117.1879 117.222 117.2562 117.2906 117.325 117.3596 117.3942 117.429 117.4638 117.4988 117.5338 117.569 117.6042 117.6396 117.675 117.7106 117.7463 117.782 117.8179 117.8538 117.8899 117.9174 117.9352
116.1231 116.1506 116.178 116.2053 116.2325 116.2597 116.2868 116.3138 116.3407 116.3675 116.3943 116.421 116.4476 116.4742 116.5031 116.5343 116.5656 116.5969 116.6284 116.66 116.6917 116.7235 116.7554 116.7874 116.8196 116.8518 116.8841 116.9165 116.9491 116.9817 117.0145 117.0473 117.0803 117.1133 117.1465 117.1797 117.2131 117.2466 117.2801 117.3138 117.3476 117.3815 117.4155 117.4495 117.4837 117.518 117.5524 117.5869 117.6215 117.6562 117.6909 117.7258 117.7608 117.7959 117.8311 117.8664 117.9018 117.9373 117.9729 118.0086 118.0444 118.0798 118.105 118.1213
116.1231 116.1506 116.178 116.2053 116.2325 116.2597 116.2868 116.3138 116.3407 116.3675 116.3943 116.421 116.4476 116.4742 116.5031 116.5343 116.5656 116.5969 116.6284 116.66 116.6917 116.7235 116.7554 116.7874 116.8196 116.8518 116.8841 116.9165 116.9491 116.9817 117.0145 117.0473 117.0803 117.1133 117.1465 117.1797 117.2131 117.2466 117.2801 117.3138 117.3476 117.3815 117.4155 117.4495 117.4837 117.518 117.5524 117.5869 117.6215 117.6562 117.6909 117.7258 117.7608 117.7959 117.8311 117.8664 117.9018 117.9373 117.9729 118.0086 118.0444 118.0798 118.105 118.1213
116.31 116.3382 116.3664 116.3945 116.4225 116.4504 116.4782 116.506 116.5337 116.5613 116.5888 116.6162 116.6436 116.6713 116.7008 116.7319 116.763 116.7942 116.8255 116.857 116.8885 116.9202 116.9519 116.9838 117.0157 117.0478 117.08 117.1122 117.1446 117.1771 117.2097 117.2424 117.2752 117.3081 117.3411 117.3742 117.4074 117.4407 117.4741 117.5076 117.5412 117.575 117.6088 117.6427 117.6767 117.7109 117.7451 117.7794 117.8139 117.8484 117.883 117.9177 117.9526 117.9875 118.0225 118.0577 118.0929 118.1282 118.1637 118.1992 118.2348 118.2685 118.2916 118.3071
116.4971 116.5261 116.5551 116.5839 116.6126 116.6413 116.6699 116.6984 116.7269 116.7552 116.7835 116.8117 116.8399 116.8685 116.8985 116.9293 116.9603 116.9913 117.0225 117.0538 117.0852 117.1167 117.1483 117.18 117.2118 117.2437 117.2757 117.3078 117.34 117.3724 117.4048 117.4373 117.47 117.5027 117.5356 117.5685 117.6016 117.6347 117.668 117.7013 117.7348 117.7684 117.802 117.8358 117.8697 117.9036 117.9377 117.9719 118.0061 118.0405 118.075 118.1096 118.1442 118.179 118.2139 118.2488 118.2839 118.3191 118.3544 118.3897 118.4252 118.457 118.4779 118.4926
116.6846 116.7143 116.744 116.7736 116.8031 116.8325 116.8619 116.8911 116.9203 116.9494 116.9785 117.0075 117.0364 117.0657 117.096 117.1267 117.1575 117.1884 117.2194 117.2505 117.2818 117.3131 117.3445 117.3761 117.4077 117.4395 117.4714 117.5033 117.5354 117.5676 117.5998 117.6322 117.6647 117.6973 117.73 117.7628 117.7957 117.8287 117.8618 117.895 117.9283 117.9617 117.9952 118.0288 118.0625 118.0963 118.1302 118.1642 118.1983 118.2325 118.2669 118.3013 118.3358 118.3704 118.4051 118.4399 118.4748 118.5098 118.545 118.5802 118.6155 118.6453 118.664 118.6778
116.6846 116.7143 116.744 116.7736 116.8031 116.8325 116.8619 116.8911 116.9203 116.9494 116.9785 117.0075 117.0364 117.0657 117.096 117.1267 117.1575 117.1884 117.2194 117.2505 117.2818 117.3131 117.3445 117.3761 117.4077 117.4395 117.4714 117.5033 117.5354 117.5676 117.5998 117.6322 117.6647 117.6973 117.73 117.7628 117.7957 117.8287 117.8618 117.895 117.9283 117.9617 117.9952 118.0288 118.0625 118.0963 118.1302 118.1642 118.1983 118.2325 118.2669 118.3013 118.3358 118.3704 118.4051 118.4399 118.4748 118.5098 118.545 118.5802 118.6155 118.6453 118.664 118.6778
116.8723 116.9028 116.9332 116.9635 116.9938 117.024 117.0541 117.0841 117.1141 117.1439 117.1737 117.2034 117.2331 117.263 117.2934 117.3239 117.3546 117.3853 117.4162 117.4472 117.4782 117.5094 117.5407 117.5721 117.6036 117.6352 117.6669 117.6987 117.7306 117.7626 117.7948 117.827 117.8593 117.8917 117.9243 117.9569 117.9896 118.0225 118.0554 118.0885 118.1216 118.1549 118.1882 118.2217 118.2552 118.2889 118.3226 118.3565 118.3904 118.4245 118.4586 118.4929 118.5272 118.5617 118.5963 118.6309 118.6657 118.7005 118.7355 118.7705 118.8057 118.8335 118.8497 118.8627
117.0602 117.0915 117.1227 117.1538 117.1848 117.2157 117.2465 117.2773 117.308 117.3386 117.3692 117.3997 117.4301 117.4604 117.4907 117.521 117.5516 117.5822 117.6129 117.6437 117.6746 117.7057 117.7368 117.768 117.7994 117.8308 117.8624 117.894 117.9258 117.9576 117.9896 118.0217 118.0538 118.0861 118.1185 118.151 118.1835 118.2162 118.249 118.2819 118.3149 118.348 118.3812 118.4145 118.4478 118.4813 118.5149 118.5486 118.5824 118.6163 118.6503 118.6844 118.7186 118.7529 118.7873 118.8218 118.8564 118.8911 118.9259 118.9608 118.9957 119.0214 119.0351 119.0473
117.0602 117.0915 117.1227 117.1538 117.1848 117.2157 117.2465 117.2773 117.308 117.3386 117.3692 117.3997 117.4301 117.4604 117.4907 117.521 117.5516 117.5822 117.6129 117.6437 117.6746 117.7057 117.7368 117.768 117.7994 117.8308 117.8624 117.894 117.9258 117.9576 117.9896 118.0217 118.0538 118.0861 118.1185 118.151 118.1835 118.2162 118.249 118.2819 118.3149 118.348 118.3812 118.4145 118.4478 118.4813 118.5149 118.5486 118.5824 118.6163 118.6503 118.6844 118.7186 118.7529 118.7873 118.8218 118.8564 118.8911 118.9259 118.9608 118.9957 119.0214 119.0351 119.0473
117.2485 117.2805 117.3124 117.3442 117.376 117.4077 117.4393 117.4708 117.5022 117.5336 117.5649 117.5962 117.6272 117.6577 117.6878 117.7181 117.7484 117.7789 117.8095 117.8401 117.8709 117.9018 117.9327 117.9638 117.995 118.0263 118.0577 118.0892 118.1208 118.1525 118.1843 118.2162 118.2482 118.2804 118.3126 118.3449 118.3773 118.4099 118.4425 118.4752 118.508 118.541 118.574 118.6071 118.6404 118.6737 118.7072 118.7407 118.7743 118.8081 118.8419 118.8758 118.9099 118.944 118.9783 119.0126 119.047 119.0816 119.1162 119.1509 119.1857 119.2091 119.2203 119.2317
117.437 117.4697 117.5024 117.535 117.5675 117.5999 117.6322 117.6645 117.6967 117.7289 117.7609 117.7929 117.8244 117.8549 117.8849 117.915 117.9452 117.9755 118.0059 118.0364 118.0671 118.0978 118.1286 118.1595 118.1906 118.2217 118.253 118.2843 118.3157 118.3473 118.3789 118.4107 118.4426 118.4745 118.5066 118.5387 118.571 118.6034 118.6359 118.6684 118.7011 118.7339 118.7668 118.7997 118.8328 118.866 118.8993 118.9327 118.9661 118.9997 119.0334 119.0672 119.1011 119.135 119.1691 119.2033 119.2376 119.2719 119.3064 119.341 119.3742 119.3948 119.4052 119.4157
117.6257 117.6592 117.6926 117.7259 117.7592 117.7924 117.8255 117.8585 117.8914 117.9243 117.9571 117.9899 118.0217 118.0521 118.0819 118.1119 118.1419 118.1721 118.2023 118.2327 118.2631 118.2937 118.3244 118.3551 118.386 118.417 118.4481 118.4793 118.5106 118.542 118.5735 118.6051 118.6368 118.6686 118.7005 118.7325 118.7646 118.7968 118.8291 118.8616 118.8941 118.9267 118.9594 118.9922 119.0252 119.0582 119.0913 119.1245 119.1579 119.1913 119.2248 119.2584 119.2921 119.326 119.3599 119.3939 119.428 119.4622 119.4965 119.5309 119.5621 119.5802 119.5897 119.5994
117.6257 117.6592 117.6926 117.7259 117.7592 117.7924 117.8255 117.8585 117.8914 117.9243 117.9571 117.9899 118.0217 118.0521 118.0819 118.1119 118.1419 118.1721 118.2023 118.2327 118.2631 118.2937 118.3244 118.3551 118.386 118.417 118.4481 118.4793 118.5106 118.542 118.5735 118.6051 118.6368 118.6686 118.7005 118.7325 118.7646 118.7968 118.8291 118.8616 118.8941 118.9267 118.9594 118.9922 119.0252 119.0582 119.0913 119.1245 119.1579 119.1913 119.2248 119.2584 119.2921 119.326 119.3599 119.3939 119.428 119.4622 119.4965 119.5309 119.5621 119.5802 119.5897 119.5994
117.8147 117.849 117.8831 117.9172 117.9512 117.9851 118.019 118.0527 118.0864 118.12 118.1536 118.1871 118.2191 118.2491 118.2788 118.3086 118.3385 118.3685 118.3986 118.4288 118.4591 118.4895 118.52 118.5507 118.5814 118.6122 118.6431 118.6742 118.7053 118.7366 118.7679 118.7993 118.8309 118.8625 118.8943 118.9262 118.9581 118.9902 119.0223 119.0546 119.087 119.1194 119.152 119.1846 119.2174 119.2503 119.2832 119.3163 119.3495 119.3827 119.4161 119.4496 119.4831 119.5168 119.5506 119.5844 119.6184 119.6524 119.6866 119.7208 119.7497 119.7653 119.774 119.7829
118.004 118.039 118.0739 118.1087 118.1434 118.1781 118.2127 118.2472 118.2817 118.316 118.3503 118.3845 118.4165 118.4461 118.4756 118.5052 118.535 118.5648 118.5947 118.6248 118.655 118.6852 118.7156 118.7461 118.7766 118.8073 118.8381 118.869 118.8999 118.931 118.9622 118.9935 119.0249 119.0564 119.088 119.1197 119.1515 119.1834 119.2154 119.2475 119.2797 119.312 119.3444 119.377 119.4096 119.4423 119.4751 119.508 119.541 119.5741 119.6073 119.6406 119.674 119.7075 119.7411 119.7748 119.8086 119.8425 119.8765 119.9106 119.9372 119.9501 119.958 119.966
118.004 118.039 118.0739 118.1087 118.1434 118.1781 118.2127 118.2472 118.2817 118.316 118.3503 118.3845 118.4165 118.4461 118.4756 118.5052 118.535 118.5648 118.5947 118.6248 118.655 118.6852 118.7156 118.7461 118.7766 118.8073 118.8381 118.869 118.8999 118.931 118.9622 118.9935 119.0249 119.0564 119.088 119.1197 119.1515 119.1834 119.2154 119.2475 119.2797 119.312 119.3444 119.377 119.4096 119.4423 119.4751 119.508 119.541 119.5741 119.6073 119.6406 119.674 119.7075 119.7411 119.7748 119.8086 119.8425 119.8765 119.9106 119.9372 119.9501 119.958 119.966
118.1935 118.2292 118.2649 118.3004 118.3359 118.3713 118.4067 118.4419 118.4771 118.5122 118.5473 118.5819 118.6136 118.6429 118.6723 118.7018 118.7313 118.761 118.7908 118.8207 118.8507 118.8808 118.911 118.9414 118.9718 119.0023 119.0329 119.0637 119.0945 119.1254 119.1565 119.1876 119.2188 119.2502 119.2816 119.3132 119.3448 119.3766 119.4084 119.4404 119.4724 119.5046 119.5368 119.5692 119.6016 119.6342 119.6668 119.6996 119.7324 119.7654 119.7984 119.8316 119.8648 119.8982 119.9316 119.9652 119.9988 120.0325 120.0664 120.1003 120.1244 120.1346 120.1416 120.1489
118.3833 118.4198 118.4562 118.4925 118.5287 118.5648 118.6009 118.6369 118.6729 118.7087 118.7445 118.7792 118.8105 118.8396 118.8689 118.8982 118.9276 118.9572 118.9868 119.0165 119.0464 119.0764 119.1064 119.1366 119.1668 119.1972 119.2277 119.2583 119.2889 119.3197 119.3506 119.3816 119.4127 119.4439 119.4751 119.5065 119.538 119.5696 119.6013 119.6331 119.665 119.697 119.7291 119.7613 119.7936 119.826 119.8585 119.8911 119.9238 119.9566 119.9895 120.0225 120.0555 120.0887 120.122 120.1554 120.1889 120.2225 120.2561 120.2899 120.3115 120.3188 120.325 120.3315
118.5733 118.6105 118.6477 118.6847 118.7217 118.7586 118.7954 118.8322 118.8688 118.9054 118.942 118.9766 119.0073 119.0363 119.0653 119.0945 119.1238 119.1532 119.1827 119.2123 119.242 119.2718 119.3017 119.3317 119.3618 119.392 119.4223 119.4528 119.4833 119.5139 119.5446 119.5755 119.6064 119.6374 119.6686 119.6998 119.7311 119.7626 119.7941 119.8258 119.8575 119.8893 119.9213 119.9533 119.9855 120.0177 120.05 120.0825 120.115 120.1477 120.1804 120.2132 120.2462 120.2792 120.3123 120.3456 120.3789 120.4123 120.4458 120.479 120.4975 120.5027 120.5081 120.5138
118.5733 118.6105 118.6477 118.6847 118.7217 118.7586 118.7954 118.8322 118.8688 118.9054 118.942 118.9766 119.0073 119.0363 119.0653 119.0945 119.1238 119.1532 119.1827 119.2123 119.242 119.2718 119.3017 119.3317 119.3618 119.392 119.4223 119.4528 119.4833 119.5139 119.5446 119.5755 119.6064 119.6374 119.6686 119.6998 119.7311 119.7626 119.7941 119.8258 119.8575 119.8893 119.9213 119.9533 119.9855 120.0177 120.05 120.0825 120.115 120.1477 120.1804 120.2132 120.2462 120.2792 120.3123 120.3456 120.3789 120.4123 120.4458 120.479 120.4975 120.5027 120.5081 120.5138
118.7636 118.8016 118.8395 118.8772 118.915 118.9526 118.9902 119.0276 119.065 119.1024 119.1397 119.174 119.204 119.2328 119.2617 119.2907 119.3199 119.3491 119.3784 119.4079 119.4374 119.4671 119.4968 119.5267 119.5567 119.5867 119.6169 119.6472 119.6775 119.708 119.7386 119.7693 119.8 119.8309 119.8619 119.893 119.9242 119.9554 119.9868 120.0183 120.0499 120.0816 120.1134 120.1452 120.1772 120.2093 120.2415 120.2738 120.3062 120.3387 120.3712 120.4039 120.4367 120.4696 120.5025 120.5356 120.5688 120.602 120.6354 120.6662 120.6819 120.6863 120.691 120.6958
118.9542 118.9929 119.0315 119.07 119.1085 119.1468 119.1851 119.2234 119.2615 119.2996 119.3376 119.3715 119.4005 119.4292 119.458 119.4869 119.5158 119.5449 119.5741 119.6034 119.6328 119.6623 119.6919 119.7216 119.7514 119.7813 119.8113 119.8415 119.8717 119.902 119.9324 119.9629 119.9936 120.0243 120.0551 120.0861 120.1171 120.1482 120.1794 120.2108 120.2422 120.2737 120.3054 120.3371 120.3689 120.4008 120.4329 120.465 120.4972 120.5296 120.562 120.5945 120.6271 120.6598 120.6927 120.7256 120.7586 120.7917 120.8249 120.8532 120.8661 120.8697 120.8735 120.8775
118.9542 118.9929 119.0315 119.07 119.1085 119.1468 119.1851 119.2234 119.2615 119.2996 119.3376 119.3715 119.4005 119.4292 119.458 119.4869 119.5158 119.5449 119.5741 119.6034 119.6328 119.6623 119.6919 119.7216 119.7514 119.7813 119.8113 119.8415 119.8717 119.902 119.9324 119.9629 119.9936 120.0243 120.0551 120.0861 120.1171 120.1482 120.1794 120.2108 120.2422 120.2737 120.3054 120.3371 120.3689 120.4008 120.4329 120.465 120.4972 120.5296 120.562 120.5945 120.6271 120.6598 120.6927 120.7256 120.7586 120.7917 120.8249 120.8532 120.8661 120.8697 120.8735 120.8775
119.145 119.1844 119.2238 119.263 119.3022 119.3413 119.3804 119.4193 119.4582 119.4971 119.5355 119.5686 119.597 119.6255 119.6542 119.6829 119.7117 119.7407 119.7697 119.7988 119.8281 119.8574 119.8869 119.9164 119.9461 119.9758 120.0057 120.0357 120.0657 120.0959 120.1262 120.1565 120.187 120.2176 120.2483 120.279 120.3099 120.3409 120.372 120.4031 120.4344 120.4658 120.4973 120.5288 120.5605 120.5923 120.6242 120.6561 120.6882 120.7204 120.7526 120.785 120.8175 120.85 120.8827 120.9155 120.9483 120.9813 121.0143 121.04 121.0499 121.0527 121.0557 121.0589
119.3361 119.3763 119.4163 119.4563 119.4962 119.5361 119.5759 119.6156 119.6552 119.6948 119.7328 119.7651 119.7934 119.8218 119.8503 119.8788 119.9075 119.9363 119.9652 119.9942 120.0233 120.0525 120.0817 120.1112 120.1407 120.1703 120.2 120.2298 120.2597 120.2897 120.3198 120.35 120.3804 120.4108 120.4413 120.4719 120.5026 120.5335 120.5644 120.5954 120.6265 120.6577 120.6891 120.7205 120.752 120.7836 120.8154 120.8472 120.8791 120.9111 120.9432 120.9754 121.0077 121.0401 121.0726 121.1052 121.1379 121.1707 121.2036 121.2266 121.2335 121.2355 121.2377 121.2401
