saved_data/vwindnew.asc
ncols         508
nrows         366
xllcorner     -2219380.8969024
yllcorner     1941017.9463268
cellsize      3850
NODATA_value  -9999
[rows 140 to 167 of 366, columns 128 to 191 of 508]
118.2827 118.2751 118.267 118.2583 118.2491 118.2393 118.229 118.2182 118.2068 118.1949 118.1824 118.1694 118.1559 118.1419 118.1273 118.1122 118.0966 118.0804 118.0637 118.0465 118.0288 118.0106 117.9919 117.9726 117.9528 117.9325 117.9118 117.8904 117.8686 117.8463 117.8235 117.8002 117.7764 117.7521 117.7273 117.702 117.6762 117.6499 117.6231 117.5959 117.5681 117.5399 117.5112 117.482 117.4523 117.4221 117.3915 117.3604 117.3408 117.3433 117.3599 117.3782 117.3962 117.4138 117.4311 117.448 117.4645 117.4853 117.5068 117.528 117.549 117.5696 117.59 117.6102
118.3118 118.3057 118.2991 118.292 118.2843 118.276 118.2673 118.258 118.2481 118.2377 118.2268 118.2154 118.2034 118.1909 118.1779 118.1643 118.1502 118.1356 118.1205 118.1049 118.0887 118.0721 118.0549 118.0372 118.019 118.0003 117.981 117.9613 117.9411 117.9203 117.8991 117.8773 117.8551 117.8324 117.8091 117.7854 117.7612 117.7365 117.7113 117.6856 117.6594 117.6328 117.6057 117.5781 117.55 117.5214 117.4924 117.4628 117.4518 117.4628 117.4776 117.4921 117.506 117.5195 117.5326 117.5452 117.5576 117.575 117.5921 117.6088 117.6251 117.6411 117.6567 117.6728
118.3419 118.3374 118.3323 118.3267 118.3205 118.3138 118.3066 118.2988 118.2905 118.2817 118.2723 118.2624 118.252 118.241 118.2295 118.2175 118.205 118.1919 118.1784 118.1643 118.1497 118.1346 118.1189 118.1028 118.0862 118.069 118.0513 118.0332 118.0145 117.9953 117.9757 117.9555 117.9348 117.9137 117.892 117.8699 117.8472 117.8241 117.8005 117.7764 117.7518 117.7267 117.7012 117.6751 117.6486 117.6217 117.5942 117.5693 117.5664 117.5832 117.5996 117.6156 117.6311 117.6461 117.6607 117.6749 117.6886 117.7019 117.7148 117.7272 117.7392 117.7508 117.7619 117.7746
118.3732 118.3701 118.3666 118.3625 118.3579 118.3527 118.347 118.3408 118.334 118.3267 118.3189 118.3105 118.3016 118.2922 118.2823 118.2718 118.2608 118.2493 118.2373 118.2248 118.2117 118.1982 118.1841 118.1695 118.1544 118.1388 118.1227 118.1061 118.089 118.0714 118.0533 118.0347 118.0156 117.996 117.9759 117.9553 117.9342 117.9127 117.8907 117.8681 117.8451 117.8216 117.7977 117.7732 117.7483 117.7229 117.6971 117.6807 117.6863 117.7046 117.7225 117.74 117.757 117.7736 117.7898 117.8055 117.8208 117.8356 117.85 117.864 117.8775 117.8906 117.9033 117.9156
118.3732 118.3701 118.3666 118.3625 118.3579 118.3527 118.347 118.3408 118.334 118.3267 118.3189 118.3105 118.3016 118.2922 118.2823 118.2718 118.2608 118.2493 118.2373 118.2248 118.2117 118.1982 118.1841 118.1695 118.1544 118.1388 118.1227 118.1061 118.089 118.0714 118.0533 118.0347 118.0156 117.996 117.9759 117.9553 117.9342 117.9127 117.8907 117.8681 117.8451 117.8216 117.7977 117.7732 117.7483 117.7229 117.6971 117.6807 117.6863 117.7046 117.7225 117.74 117.757 117.7736 117.7898 117.8055 117.8208 117.8356 117.85 117.864 117.8775 117.8906 117.9033 117.9156
118.4055 118.404 118.402 118.3994 118.3963 118.3927 118.3885 118.3838 118.3786 118.3728 118.3665 118.3597 118.3523 118.3444 118.336 118.3271 118.3177 118.3077 118.2973 118.2863 118.2748 118.2628 118.2502 118.2372 118.2237 118.2096 118.1951 118.18 118.1645 118.1485 118.1319 118.1149 118.0973 118.0793 118.0608 118.0418 118.0223 118.0023 117.9819 117.9609 117.9395 117.9176 117.8952 117.8723 117.849 117.8252 117.8009 117.7931 117.8071 117.827 117.8464 117.8654 117.884 117.9021 117.9198 117.937 117.9538 117.9702 117.9862 118.0017 118.0168 118.0314 118.0456 118.0595
118.4389 118.4389 118.4384 118.4374 118.4358 118.4337 118.4311 118.4279 118.4242 118.42 118.4152 118.4099 118.4041 118.3978 118.3909 118.3835 118.3756 118.3672 118.3583 118.3488 118.3389 118.3284 118.3175 118.306 118.294 118.2815 118.2685 118.255 118.2411 118.2266 118.2116 118.1961 118.1801 118.1637 118.1467 118.1293 118.1114 118.093 118.0741 118.0547 118.0349 118.0145 117.9937 117.9724 117.9507 117.9285 117.9068 117.907 117.9288 117.9502 117.9712 117.9918 118.0118 118.0315 118.0507 118.0695 118.0878 118.1058 118.1232 118.1403 118.1569 118.1731 118.1889 118.2042
118.4389 118.4389 118.4384 118.4374 118.4358 118.4337 118.4311 118.4279 118.4242 118.42 118.4152 118.4099 118.4041 118.3978 118.3909 118.3835 118.3756 118.3672 118.3583 118.3488 118.3389 118.3284 118.3175 118.306 118.294 118.2815 118.2685 118.255 118.2411 118.2266 118.2116 118.1961 118.1801 118.1637 118.1467 118.1293 118.1114 118.093 118.0741 118.0547 118.0349 118.0145 117.9937 117.9724 117.9507 117.9285 117.9068 117.907 117.9288 117.9502 117.9712 117.9918 118.0118 118.0315 118.0507 118.0695 118.0878 118.1058 118.1232 118.1403 118.1569 118.1731 118.1889 118.2042
118.4734 118.475 118.476 118.4765 118.4764 118.4758 118.4747 118.4731 118.4709 118.4682 118.465 118.4612 118.4569 118.4521 118.4468 118.441 118.4346 118.4277 118.4204 118.4125 118.4041 118.3951 118.3857 118.3758 118.3654 118.3544 118.343 118.3311 118.3186 118.3057 118.2923 118.2784 118.264 118.2491 118.2337 118.2178 118.2015 118.1846 118.1673 118.1495 118.1312 118.1125 118.0932 118.0735 118.0534 118.0327 118.0196 118.0282 118.0515 118.0745 118.097 118.119 118.1406 118.1618 118.1826 118.2029 118.2228 118.2422 118.2612 118.2798 118.298 118.3157 118.333 118.3499
118.509 118.5121 118.5146 118.5166 118.5181 118.519 118.5194 118.5193 118.5187 118.5175 118.5158 118.5136 118.5108 118.5075 118.5038 118.4995 118.4947 118.4893 118.4835 118.4771 118.4703 118.4629 118.455 118.4466 118.4378 118.4284 118.4185 118.4081 118.3972 118.3859 118.374 118.3616 118.3488 118.3355 118.3216 118.3073 118.2925 118.2773 118.2615 118.2453 118.2286 118.2114 118.1937 118.1756 118.157 118.1379 118.1333 118.1503 118.1752 118.1996 118.2237 118.2473 118.2704 118.2931 118.3154 118.3372 118.3586 118.3796 118.4001 118.4203 118.44 118.4592 118.4781 118.4965
118.5457 118.5503 118.5543 118.5579 118.5608 118.5633 118.5652 118.5666 118.5675 118.5679 118.5677 118.567 118.5658 118.564 118.5618 118.559 118.5557 118.5519 118.5476 118.5428 118.5375 118.5317 118.5254 118.5185 118.5112 118.5033 118.495 118.4862 118.4769 118.467 118.4567 118.4459 118.4347 118.4229 118.4106 118.3979 118.3847 118.3709 118.3568 118.3421 118.327 118.3113 118.2952 118.2787 118.2617 118.2442 118.2479 118.2734 118.2998 118.3258 118.3513 118.3764 118.4011 118.4253 118.4491 118.4725 118.4954 118.5179 118.54 118.5616 118.5829 118.6037 118.624 118.644
118.5457 118.5503 118.5543 118.5579 118.5608 118.5633 118.5652 118.5666 118.5675 118.5679 118.5677 118.567 118.5658 118.564 118.5618 118.559 118.5557 118.5519 118.5476 118.5428 118.5375 118.5317 118.5254 118.5185 118.5112 118.5033 118.495 118.4862 118.4769 118.467 118.4567 118.4459 118.4347 118.4229 118.4106 118.3979 118.3847 118.3709 118.3568 118.3421 118.327 118.3113 118.2952 118.2787 118.2617 118.2442 118.2479 118.2734 118.2998 118.3258 118.3513 118.3764 118.4011 118.4253 118.4491 118.4725 118.4954 118.5179 118.54 118.5616 118.5829 118.6037 118.624 118.644
118.5835 118.5896 118.5951 118.6002 118.6047 118.6086 118.6121 118.615 118.6174 118.6193 118.6206 118.6215 118.6218 118.6216 118.6209 118.6196 118.6179 118.6156 118.6128 118.6096 118.6058 118.6015 118.5967 118.5914 118.5856 118.5794 118.5726 118.5653 118.5575 118.5493 118.5405 118.5313 118.5215 118.5113 118.5006 118.4894 118.4778 118.4656 118.453 118.4399 118.4263 118.4123 118.3977 118.3828 118.3673 118.3574 118.369 118.3974 118.4253 118.4528 118.4799 118.5065 118.5327 118.5584 118.5837 118.6086 118.6331 118.6571 118.6807 118.7039 118.7267 118.749 118.7709 118.7924
118.6223 118.6299 118.637 118.6435 118.6496 118.6551 118.66 118.6645 118.6684 118.6718 118.6746 118.677 118.6788 118.6802 118.681 118.6813 118.6811 118.6803 118.6791 118.6774 118.6751 118.6724 118.6691 118.6654 118.6611 118.6564 118.6512 118.6454 118.6392 118.6325 118.6253 118.6176 118.6094 118.6007 118.5916 118.582 118.5719 118.5613 118.5502 118.5387 118.5267 118.5142 118.5012 118.4878 118.4739 118.4724 118.4924 118.5223 118.5518 118.5808 118.6094 118.6375 118.6652 118.6925 118.7193 118.7457 118.7717 118.7973 118.8224 118.8471 118.8714 118.8953 118.9187 118.9417
118.6223 118.6299 118.637 118.6435 118.6496 118.6551 118.66 118.6645 118.6684 118.6718 118.6746 118.677 118.6788 118.6802 118.681 118.6813 118.6811 118.6803 118.6791 118.6774 118.6751 118.6724 118.6691 118.6654 118.6611 118.6564 118.6512 118.6454 118.6392 118.6325 118.6253 118.6176 118.6094 118.6007 118.5916 118.582 118.5719 118.5613 118.5502 118.5387 118.5267 118.5142 118.5012 118.4878 118.4739 118.4724 118.4924 118.5223 118.5518 118.5808 118.6094 118.6375 118.6652 118.6925 118.7193 118.7457 118.7717 118.7973 118.8224 118.8471 118.8714 118.8953 118.9187 118.9417
118.6622 118.6713 118.6799 118.688 118.6955 118.7025 118.709 118.715 118.7204 118.7253 118.7297 118.7336 118.737 118.7398 118.7421 118.744 118.7453 118.7461 118.7464 118.7462 118.7455 118.7443 118.7426 118.7404 118.7376 118.7344 118.7308 118.7266 118.7219 118.7167 118.7111 118.7049 118.6983 118.6912 118.6836 118.6755 118.667 118.6579 118.6484 118.6385 118.628 118.6171 118.6057 118.5939 118.5815 118.5884 118.6168 118.6482 118.6792 118.7097 118.7398 118.7695 118.7987 118.8275 118.8558 118.8838 118.9113 118.9383 118.965 118.9912 119.017 119.0424 119.0674 119.092
118.7032 118.7138 118.7239 118.7335 118.7425 118.7511 118.7591 118.7665 118.7735 118.7799 118.7858 118.7912 118.7961 118.8005 118.8044 118.8077 118.8106 118.8129 118.8147 118.816 118.8169 118.8172 118.817 118.8164 118.8152 118.8135 118.8114 118.8087 118.8056 118.802 118.7979 118.7933 118.7882 118.7826 118.7766 118.7701 118.7631 118.7556 118.7477 118.7392 118.7304 118.721 118.7112 118.7009 118.6941 118.7088 118.7422 118.7751 118.8075 118.8396 118.8712 118.9023 118.9331 118.9634 118.9932 119.0227 119.0517 119.0803 119.1085 119.1362 119.1636 119.1905 119.217 119.2431
118.7453 118.7574 118.769 118.7801 118.7906 118.8007 118.8102 118.8192 118.8276 118.8356 118.843 118.8499 118.8563 118.8622 118.8676 118.8725 118.8769 118.8807 118.8841 118.8869 118.8893 118.8912 118.8925 118.8934 118.8938 118.8936 118.893 118.8919 118.8903 118.8882 118.8857 118.8826 118.8791 118.8751 118.8706 118.8656 118.8602 118.8543 118.8479 118.841 118.8337 118.8259 118.8176 118.8089 118.8105 118.8336 118.8684 118.9028 118.9368 118.9703 119.0035 119.0361 119.0684 119.1002 119.1316 119.1626 119.1931 119.2232 119.2529 119.2822 119.311 119.3395 119.3675 119.3951
118.7453 118.7574 118.769 118.7801 118.7906 118.8007 118.8102 118.8192 118.8276 118.8356 118.843 118.8499 118.8563 118.8622 118.8676 118.8725 118.8769 118.8807 118.8841 118.8869 118.8893 118.8912 118.8925 118.8934 118.8938 118.8936 118.893 118.8919 118.8903 118.8882 118.8857 118.8826 118.8791 118.8751 118.8706 118.8656 118.8602 118.8543 118.8479 118.841 118.8337 118.8259 118.8176 118.8089 118.8105 118.8336 118.8684 118.9028 118.9368 118.9703 119.0035 119.0361 119.0684 119.1002 119.1316 119.1626 119.1931 119.2232 119.2529 119.2822 119.311 119.3395 119.3675 119.3951
118.7884 118.802 118.8151 118.8277 118.8398 118.8513 118.8623 118.8728 118.8828 118.8923 118.9012 118.9097 118.9176 118.925 118.9319 118.9383 118.9442 118.9496 118.9545 118.9589 118.9627 118.9661 118.969 118.9714 118.9733 118.9747 118.9757 118.9761 118.976 118.9755 118.9745 118.973 118.971 118.9685 118.9656 118.9622 118.9583 118.9539 118.9491 118.9438 118.938 118.9317 118.925 118.9179 118.9279 118.9593 118.9956 119.0315 119.067 119.1021 119.1367 119.1709 119.2046 119.2379 119.2708 119.3033 119.3354 119.367 119.3982 119.429 119.4594 119.4893 119.5189 119.548
118.8326 118.8477 118.8623 118.8764 118.89 118.903 118.9156 118.9276 118.9391 118.95 118.9605 118.9705 118.9799 118.9888 118.9972 119.0052 119.0126 119.0195 119.0259 119.0318 119.0372 119.0421 119.0466 119.0505 119.0539 119.0569 119.0593 119.0613 119.0628 119.0638 119.0643 119.0643 119.0639 119.063 119.0616 119.0597 119.0574 119.0545 119.0513 119.0475 119.0433 119.0386 119.0334 119.0299 119.0476 119.0859 119.1237 119.1611 119.1981 119.2347 119.2708 119.3065 119.3418 119.3766 119.411 119.445 119.4786 119.5117 119.5444 119.5767 119.6086 119.6401 119.6712 119.7018
118.8326 118.8477 118.8623 118.8764 118.89 118.903 118.9156 118.9276 118.9391 118.95 118.9605 118.9705 118.9799 118.9888 118.9972 119.0052 119.0126 119.0195 119.0259 119.0318 119.0372 119.0421 119.0466 119.0505 119.0539 119.0569 119.0593 119.0613 119.0628 119.0638 119.0643 119.0643 119.0639 119.063 119.0616 119.0597 119.0574 119.0545 119.0513 119.0475 119.0433 119.0386 119.0334 119.0299 119.0476 119.0859 119.1237 119.1611 119.1981 119.2347 119.2708 119.3065 119.3418 119.3766 119.411 119.445 119.4786 119.5117 119.5444 119.5767 119.6086 119.6401 119.6712 119.7018
118.8778 118.8945 118.9106 118.9262 118.9413 118.9558 118.9698 118.9833 118.9964 119.0088 119.0208 119.0323 119.0432 119.0537 119.0636 119.0731 119.082 119.0904 119.0984 119.1058 119.1127 119.1192 119.1251 119.1306 119.1355 119.14 119.144 119.1475 119.1505 119.1531 119.1551 119.1567 119.1578 119.1584 119.1586 119.1582 119.1574 119.1562 119.1544 119.1522 119.1496 119.1464 119.1428 119.1476 119.1736 119.2134 119.2528 119.2917 119.3302 119.3682 119.4059 119.4431 119.4798 119.5162 119.5521 119.5876 119.6227 119.6573 119.6916 119.7254 119.7588 119.7918 119.8244 119.8566
118.9242 118.9423 118.9599 118.977 118.9936 119.0096 119.0252 119.0402 119.0547 119.0687 119.0822 119.0951 119.1076 119.1196 119.131 119.142 119.1524 119.1624 119.1718 119.1808 119.1892 119.1972 119.2047 119.2117 119.2182 119.2242 119.2297 119.2347 119.2393 119.2434 119.2469 119.2501 119.2527 119.2549 119.2565 119.2578 119.2585 119.2588 119.2586 119.2579 119.2568 119.2552 119.2532 119.2663 119.3006 119.3419 119.3828 119.4232 119.4632 119.5027 119.5418 119.5805 119.6188 119.6567 119.6941 119.7311 119.7677 119.8038 119.8396 119.8749 119.9099 119.9444 119.9785 120.0122
118.9715 118.9912 119.0103 119.0289 119.0469 119.0645 119.0815 119.0981 119.1141 119.1296 119.1446 119.159 119.173 119.1865 119.1995 119.2119 119.2239 119.2354 119.2463 119.2568 119.2668 119.2763 119.2853 119.2938 119.3018 119.3093 119.3164 119.323 119.329 119.3346 119.3398 119.3444 119.3486 119.3523 119.3555 119.3583 119.3605 119.3624 119.3637 119.3646 119.365 119.365 119.3646 119.3859 119.4285 119.4713 119.5137 119.5556 119.5971 119.6381 119.6787 119.7189 119.7587 119.7981 119.837 119.8755 119.9136 119.9513 119.9885 120.0254 120.0618 120.0978 120.1334 120.1686
118.9715 118.9912 119.0103 119.0289 119.0469 119.0645 119.0815 119.0981 119.1141 119.1296 119.1446 119.159 119.173 119.1865 119.1995 119.2119 119.2239 119.2354 119.2463 119.2568 119.2668 119.2763 119.2853 119.2938 119.3018 119.3093 119.3164 119.323 119.329 119.3346 119.3398 119.3444 119.3486 119.3523 119.3555 119.3583 119.3605 119.3624 119.3637 119.3646 119.365 119.365 119.3646 119.3859 119.4285 119.4713 119.5137 119.5556 119.5971 119.6381 119.6787 119.7189 119.7587 119.7981 119.837 119.8755 119.9136 119.9513 119.9885 120.0254 120.0618 120.0978 120.1334 120.1686
119.02 119.0411 119.0617 119.0818 119.1014 119.1204 119.1389 119.157 119.1745 119.1915 119.208 119.224 119.2395 119.2544 119.2689 119.2829 119.2964 119.3094 119.3219 119.3338 119.3453 119.3564 119.3669 119.3769 119.3864 119.3955 119.4041 119.4122 119.4198 119.4269 119.4336 119.4398 119.4455 119.4507 119.4555 119.4598 119.4636 119.4669 119.4698 119.4723 119.4742 119.4757 119.4837 119.5127 119.5574 119.6017 119.6455 119.6889 119.7319 119.7744 119.8166 119.8582 119.8995 119.9404 119.9808 120.0208 120.0604 120.0996 120.1384 120.1767 120.2146 120.2522 120.2893 120.326
119.0695 119.0921 119.1142 119.1358 119.1568 119.1774 119.1974 119.2169 119.2359 119.2545 119.2725 119.2899 119.3069 119.3234 119.3394 119.3549 119.3699 119.3844 119.3984 119.4119 119.4249 119.4374 119.4495 119.461 119.4721 119.4827 119.4928 119.5024 119.5115 119.5202 119.5284 119.5361 119.5433 119.5501 119.5564 119.5622 119.5676 119.5725 119.5769 119.5809 119.5844 119.5875 119.6037 119.641 119.6872 119.7329 119.7783 119.8232 119.8676 119.9117 119.9553 119.9985 120.0412 120.0836 120.1255 120.167 120.2081 120.2488 120.2891 120.3289 120.3684 120.4074 120.446 120.4843
