saved_data/vwindnew.asc
ncols         508
nrows         366
xllcorner     -2219380.8969024
yllcorner     1941017.9463268
cellsize      3850
NODATA_value  -9999
[rows 224 to 251 of 366, columns 0 to 63 of 508]
-9999 -9999 -9999 -9999 -9999 -9999 -9999 -9999 -9999 -9999 -9999 -9999 -9999 -9999 -9999 -9999 -9999 -9999 -9999 -9999 -9999 -9999 -9999 115.383 115.4496 115.5158 115.5817 115.6471 115.7122 115.777 115.8413 115.9053 115.9689 116.0322 116.095 116.1575 116.2197 116.2814 116.3428 116.4038 116.4645 116.5248 116.5847 116.6443 116.7035 116.7623 116.8208 116.8789 116.9367 116.9941 117.0511 117.1078 117.1641 117.2201 117.2757 117.331 117.3859 117.4404 117.4946 117.5485 117.602 117.6551 117.7079 117.7604
-9999 -9999 -9999 -9999 -9999 -9999 -9999 -9999 -9999 -9999 -9999 -9999 -9999 -9999 -9999 -9999 -9999 -9999 -9999 -9999 -9999 -9999 -9999 115.3443 115.4117 115.4787 115.5453 115.6116 115.6775 115.7431 115.8082 115.873 115.9374 116.0015 116.0651 116.1284 116.1914 116.2539 116.3161 116.378 116.4394 116.5005 116.5613 116.6217 116.6817 116.7413 116.8006 116.8596 116.9181 116.9764 117.0342 117.0917 117.1489 117.2057 117.2621 117.3182 117.3739 117.4293 117.4843 117.539 117.5933 117.6473 117.7009 117.7542
-9999 -9999 -9999 -9999 -9999 -9999 -9999 -9999 -9999 -9999 -9999 -9999 -9999 -9999 -9999 -9999 -9999 -9999 -9999 -9999 -9999 -9999 115.2377 115.3063 115.3745 115.4423 115.5097 115.5768 115.6435 115.7098 115.7758 115.8414 115.9066 115.9715 116.0359 116.1 116.1638 116.2272 116.2902 116.3528 116.4151 116.477 116.5386 116.5998 116.6606 116.7211 116.7812 116.8409 116.9003 116.9593 117.018 117.0763 117.1343 117.1919 117.2492 117.3061 117.3626 117.4188 117.4747 117.5302 117.5854 117.6402 117.6946 117.7487
-9999 -9999 -9999 -9999 -9999 -9999 -9999 -9999 -9999 -9999 -9999 -9999 -9999 -9999 -9999 -9999 -9999 -9999 -9999 -9999 -9999 -9999 115.2377 115.3063 115.3745 115.4423 115.5097 115.5768 115.6435 115.7098 115.7758 115.8414 115.9066 115.9715 116.0359 116.1 116.1638 116.2272 116.2902 116.3528 116.4151 116.477 116.5386 116.5998 116.6606 116.7211 116.7812 116.8409 116.9003 116.9593 117.018 117.0763 117.1343 117.1919 117.2492 117.3061 117.3626 117.4188 117.4747 117.5302 117.5854 117.6402 117.6946 117.7487
-9999 -9999 -9999 -9999 -9999 -9999 -9999 -9999 -9999 -9999 -9999 -9999 -9999 -9999 -9999 -9999 -9999 -9999 -9999 -9999 -9999 -9999 115.1996 115.269 115.338 115.4066 115.4748 115.5427 115.6102 115.6773 115.7441 115.8105 115.8765 115.9421 116.0074 116.0723 116.1369 116.2011 116.2649 116.3283 116.3914 116.4542 116.5165 116.5785 116.6402 116.7015 116.7624 116.8229 116.8831 116.943 117.0025 117.0616 117.1204 117.1789 117.2369 117.2947 117.352 117.4091 117.4657 117.5221 117.578 117.6337 117.689 117.7439
-9999 -9999 -9999 -9999 -9999 -9999 -9999 -9999 -9999 -9999 -9999 -9999 -9999 -9999 -9999 -9999 -9999 -9999 -9999 -9999 -9999 115.0916 115.1622 115.2324 115.3021 115.3716 115.4406 115.5093 115.5776 115.6455 115.7131 115.7803 115.8471 115.9135 115.9796 116.0453 116.1107 116.1757 116.2403 116.3046 116.3685 116.432 116.4952 116.558 116.6204 116.6825 116.7443 116.8056 116.8667 116.9273 116.9876 117.0476 117.1072 117.1665 117.2254 117.2839 117.3421 117.4 117.4575 117.5146 117.5714 117.6279 117.684 117.7397
-9999 -9999 -9999 -9999 -9999 -9999 -9999 -9999 -9999 -9999 -9999 -9999 -9999 -9999 -9999 -9999 -9999 -9999 -9999 -9999 -9999 115.0542 115.1255 115.1965 115.267 115.3373 115.4071 115.4766 115.5457 115.6144 115.6827 115.7507 115.8184 115.8856 115.9525 116.019 116.0852 116.151 116.2164 116.2815 116.3462 116.4105 116.4745 116.5381 116.6014 116.6643 116.7268 116.789 116.8509 116.9124 116.9735 117.0343 117.0947 117.1547 117.2145 117.2738 117.3329 117.3915 117.4498 117.5078 117.5654 117.6227 117.6797 117.7363
-9999 -9999 -9999 -9999 -9999 -9999 -9999 -9999 -9999 -9999 -9999 -9999 -9999 -9999 -9999 -9999 -9999 -9999 -9999 -9999 -9999 115.0542 115.1255 115.1965 115.267 115.3373 115.4071 115.4766 115.5457 115.6144 115.6827 115.7507 115.8184 115.8856 115.9525 116.019 116.0852 116.151 116.2164 116.2815 116.3462 116.4105 116.4745 116.5381 116.6014 116.6643 116.7268 116.789 116.8509 116.9124 116.9735 117.0343 117.0947 117.1547 117.2145 117.2738 117.3329 117.3915 117.4498 117.5078 117.5654 117.6227 117.6797 117.7363
-9999 -9999 -9999 -9999 -9999 -9999 -9999 -9999 -9999 -9999 -9999 -9999 -9999 -9999 -9999 -9999 -9999 -9999 -9999 -9999 -9999 115.0174 115.0895 115.1612 115.2326 115.3036 115.3743 115.4445 115.5144 115.584 115.6531 115.7219 115.7903 115.8584 115.9261 115.9934 116.0603 116.127 116.1932 116.2591 116.3246 116.3897 116.4545 116.5189 116.583 116.6467 116.7101 116.7731 116.8357 116.898 116.96 117.0216 117.0828 117.1437 117.2042 117.2644 117.3243 117.3838 117.4429 117.5017 117.5601 117.6182 117.676 117.7334
-9999 -9999 -9999 -9999 -9999 -9999 -9999 -9999 -9999 -9999 -9999 -9999 -9999 -9999 -9999 -9999 -9999 -9999 -9999 -9999 114.908 114.9813 115.0542 115.1267 115.1989 115.2707 115.3421 115.4132 115.4839 115.5542 115.6242 115.6938 115.763 115.8318 115.9003 115.9685 116.0362 116.1036 116.1707 116.2373 116.3036 116.3696 116.4352 116.5004 116.5653 116.6299 116.694 116.7578 116.8213 116.8844 116.9472 117.0096 117.0716 117.1333 117.1947 117.2557 117.3163 117.3767 117.4366 117.4962 117.5555 117.6144 117.673 117.7313
-9999 -9999 -9999 -9999 -9999 -9999 -9999 -9999 -9999 -9999 -9999 -9999 -9999 -9999 -9999 -9999 -9999 -9999 -9999 -9999 114.908 114.9813 115.0542 115.1267 115.1989 115.2707 115.3421 115.4132 115.4839 115.5542 115.6242 115.6938 115.763 115.8318 115.9003 115.9685 116.0362 116.1036 116.1707 116.2373 116.3036 116.3696 116.4352 116.5004 116.5653 116.6299 116.694 116.7578 116.8213 116.8844 116.9472 117.0096 117.0716 117.1333 117.1947 117.2557 117.3163 117.3767 117.4366 117.4962 117.5555 117.6144 117.673 117.7313
-9999 -9999 -9999 -9999 -9999 -9999 -9999 -9999 -9999 -9999 -9999 -9999 -9999 -9999 -9999 -9999 -9999 -9999 -9999 -9999 114.8718 114.9459 115.0196 115.0929 115.1659 115.2385 115.3107 115.3826 115.4541 115.5252 115.5959 115.6663 115.7363 115.806 115.8753 115.9442 116.0128 116.081 116.1488 116.2163 116.2834 116.3502 116.4166 116.4826 116.5483 116.6136 116.6786 116.7433 116.8075 116.8715 116.935 116.9982 117.0611 117.1236 117.1858 117.2476 117.3091 117.3702 117.431 117.4914 117.5515 117.6113 117.6707 117.7298
-9999 -9999 -9999 -9999 -9999 -9999 -9999 -9999 -9999 -9999 -9999 -9999 -9999 -9999 -9999 -9999 -9999 -9999 -9999 114.7611 114.8363 114.9112 114.9857 115.0598 115.1336 115.207 115.28 115.3526 115.4249 115.4968 115.5684 115.6395 115.7104 115.7808 115.8509 115.9206 115.99 116.059 116.1276 116.1959 116.2638 116.3314 116.3986 116.4655 116.532 116.5981 116.6639 116.7293 116.7944 116.8592 116.9235 116.9876 117.0513 117.1146 117.1776 117.2402 117.3025 117.3644 117.4261 117.4873 117.5482 117.6088 117.669 117.7289
-9999 -9999 -9999 -9999 -9999 -9999 -9999 -9999 -9999 -9999 -9999 -9999 -9999 -9999 -9999 -9999 -9999 -9999 -9999 114.7255 114.8016 114.8772 114.9525 115.0274 115.102 115.1761 115.2499 115.3234 115.3965 115.4692 115.5415 115.6135 115.6851 115.7563 115.8272 115.8977 115.9679 116.0377 116.1072 116.1762 116.245 116.3133 116.3814 116.449 116.5163 116.5833 116.6499 116.7161 116.782 116.8475 116.9127 116.9776 117.0421 117.1062 117.17 117.2335 117.2966 117.3593 117.4218 117.4838 117.5456 117.607 117.668 117.7287
-9999 -9999 -9999 -9999 -9999 -9999 -9999 -9999 -9999 -9999 -9999 -9999 -9999 -9999 -9999 -9999 -9999 -9999 -9999 114.7255 114.8016 114.8772 114.9525 115.0274 115.102 115.1761 115.2499 115.3234 115.3965 115.4692 115.5415 115.6135 115.6851 115.7563 115.8272 115.8977 115.9679 116.0377 116.1072 116.1762 116.245 116.3133 116.3814 116.449 116.5163 116.5833 116.6499 116.7161 116.782 116.8475 116.9127 116.9776 117.0421 117.1062 117.17 117.2335 117.2966 117.3593 117.4218 117.4838 117.5456 117.607 117.668 117.7287
-9999 -9999 -9999 -9999 -9999 -9999 -9999 -9999 -9999 -9999 -9999 -9999 -9999 -9999 -9999 -9999 -9999 -9999 -9999 114.6907 114.7675 114.8439 114.92 114.9957 115.071 115.146 115.2206 115.2948 115.3687 115.4422 115.5153 115.5881 115.6605 115.7325 115.8042 115.8755 115.9465 116.0171 116.0873 116.1572 116.2268 116.2959 116.3648 116.4332 116.5013 116.5691 116.6365 116.7035 116.7702 116.8366 116.9026 116.9683 117.0336 117.0985 117.1631 117.2274 117.2913 117.3549 117.4181 117.481 117.5436 117.6058 117.6677 117.7292
-9999 -9999 -9999 -9999 -9999 -9999 -9999 -9999 -9999 -9999 -9999 -9999 -9999 -9999 -9999 -9999 -9999 -9999 114.5785 114.6565 114.7341 114.8113 114.8882 114.9647 115.0408 115.1165 115.1919 115.2669 115.3416 115.4159 115.4898 115.5634 115.6366 115.7094 115.7819 115.854 115.9258 115.9972 116.0682 116.1389 116.2092 116.2792 116.3488 116.4181 116.487 116.5556 116.6238 116.6917 116.7592 116.8263 116.8931 116.9596 117.0257 117.0915 117.1569 117.222 117.2867 117.3511 117.4152 117.4789 117.5422 117.6053 117.668 117.7303
-9999 -9999 -9999 -9999 -9999 -9999 -9999 -9999 -9999 -9999 -9999 -9999 -9999 -9999 -9999 -9999 -9999 -9999 114.5785 114.6565 114.7341 114.8113 114.8882 114.9647 115.0408 115.1165 115.1919 115.2669 115.3416 115.4159 115.4898 115.5634 115.6366 115.7094 115.7819 115.854 115.9258 115.9972 116.0682 116.1389 116.2092 116.2792 116.3488 116.4181 116.487 116.5556 116.6238 116.6917 116.7592 116.8263 116.8931 116.9596 117.0257 117.0915 117.1569 117.222 117.2867 117.3511 117.4152 117.4789 117.5422 117.6053 117.668 117.7303
-9999 -9999 -9999 -9999 -9999 -9999 -9999 -9999 -9999 -9999 -9999 -9999 -9999 -9999 -9999 -9999 -9999 -9999 114.5443 114.623 114.7014 114.7794 114.857 114.9343 115.0112 115.0878 115.1639 115.2397 115.3152 115.3903 115.465 115.5394 115.6133 115.687 115.7603 115.8332 115.9057 115.9779 116.0498 116.1213 116.1924 116.2632 116.3336 116.4037 116.4734 116.5427 116.6118 116.6804 116.7487 116.8167 116.8843 116.9516 117.0185 117.0851 117.1513 117.2172 117.2828 117.348 117.4129 117.4774 117.5416 117.6054 117.6689 117.7321
-9999 -9999 -9999 -9999 -9999 -9999 -9999 -9999 -9999 -9999 -9999 -9999 -9999 -9999 -9999 -9999 -9999 114.4308 114.5107 114.5902 114.6694 114.7482 114.8266 114.9047 114.9824 115.0597 115.1366 115.2132 115.2895 115.3653 115.4409 115.516 115.5908 115.6652 115.7393 115.813 115.8864 115.9594 116.032 116.1043 116.1762 116.2478 116.319 116.3899 116.4604 116.5306 116.6004 116.6699 116.739 116.8078 116.8762 116.9443 117.012 117.0794 117.1464 117.2131 117.2795 117.3455 117.4112 117.4765 117.5415 117.6062 117.6705 117.7345
-9999 -9999 -9999 -9999 -9999 -9999 -9999 -9999 -9999 -9999 -9999 -9999 -9999 -9999 -9999 -9999 -9999 114.4308 114.5107 114.5902 114.6694 114.7482 114.8266 114.9047 114.9824 115.0597 115.1366 115.2132 115.2895 115.3653 115.4409 115.516 115.5908 115.6652 115.7393 115.813 115.8864 115.9594 116.032 116.1043 116.1762 116.2478 116.319 116.3899 116.4604 116.5306 116.6004 116.6699 116.739 116.8078 116.8762 116.9443 117.012 117.0794 117.1464 117.2131 117.2795 117.3455 117.4112 117.4765 117.5415 117.6062 117.6705 117.7345
-9999 -9999 -9999 -9999 -9999 -9999 -9999 -9999 -9999 -9999 -9999 -9999 -9999 -9999 -9999 -9999 -9999 114.3971 114.4778 114.5581 114.6381 114.7176 114.7969 114.8757 114.9542 115.0323 115.11 115.1874 115.2644 115.3411 115.4174 115.4933 115.5689 115.6441 115.719 115.7935 115.8677 115.9415 116.0149 116.088 116.1607 116.2331 116.3051 116.3768 116.4481 116.5191 116.5897 116.66 116.7299 116.7995 116.8687 116.9376 117.0061 117.0743 117.1422 117.2097 117.2769 117.3437 117.4102 117.4764 117.5422 117.6077 117.6728 117.7376
-9999 -9999 -9999 -9999 -9999 -9999 -9999 -9999 -9999 -9999 -9999 -9999 -9999 -9999 -9999 -9999 -9999 114.3642 114.4456 114.5267 114.6074 114.6878 114.7678 114.8474 114.9267 115.0056 115.0841 115.1623 115.2401 115.3175 115.3946 115.4714 115.5477 115.6237 115.6994 115.7747 115.8496 115.9242 115.9985 116.0723 116.1459 116.219 116.2919 116.3643 116.4365 116.5082 116.5797 116.6507 116.7215 116.7919 116.8619 116.9316 117.0009 117.0699 117.1386 117.2069 117.2749 117.3426 117.4099 117.4768 117.5435 117.6097 117.6757 117.7413
-9999 -9999 -9999 -9999 -9999 -9999 -9999 -9999 -9999 -9999 -9999 -9999 -9999 -9999 -9999 -9999 114.2493 114.3319 114.4141 114.496 114.5775 114.6586 114.7394 114.8198 114.8999 114.9795 115.0589 115.1378 115.2164 115.2947 115.3725 115.4501 115.5272 115.604 115.6805 115.7566 115.8323 115.9077 115.9827 116.0574 116.1317 116.2057 116.2793 116.3526 116.4255 116.4981 116.5703 116.6422 116.7137 116.7849 116.8557 116.9262 116.9964 117.0662 117.1357 117.2048 117.2736 117.3421 117.4102 117.478 117.5454 117.6125 117.6793 117.7457
-9999 -9999 -9999 -9999 -9999 -9999 -9999 -9999 -9999 -9999 -9999 -9999 -9999 -9999 -9999 -9999 114.2493 114.3319 114.4141 114.496 114.5775 114.6586 114.7394 114.8198 114.8999 114.9795 115.0589 115.1378 115.2164 115.2947 115.3725 115.4501 115.5272 115.604 115.6805 115.7566 115.8323 115.9077 115.9827 116.0574 116.1317 116.2057 116.2793 116.3526 116.4255 116.4981 116.5703 116.6422 116.7137 116.7849 116.8557 116.9262 116.9964 117.0662 117.1357 117.2048 117.2736 117.3421 117.4102 117.478 117.5454 117.6125 117.6793 117.7457
-9999 -9999 -9999 -9999 -9999 -9999 -9999 -9999 -9999 -9999 -9999 -9999 -9999 -9999 -9999 -9999 114.2169 114.3003 114.3833 114.4659 114.5482 114.6301 114.7117 114.7929 114.8737 114.9542 115.0343 115.114 115.1934 115.2724 115.3511 115.4294 115.5074 115.585 115.6622 115.7391 115.8156 115.8918 115.9676 116.0431 116.1182 116.193 116.2674 116.3415 116.4152 116.4886 116.5616 116.6343 116.7066 116.7786 116.8502 116.9215 116.9925 117.0631 117.1334 117.2034 117.2729 117.3422 117.4111 117.4797 117.548 117.6159 117.6835 117.7507
-9999 -9999 -9999 -9999 -9999 -9999 -9999 -9999 -9999 -9999 -9999 -9999 -9999 -9999 -9999 114.1007 114.1852 114.2694 114.3531 114.4366 114.5196 114.6024 114.6847 114.7667 114.8483 114.9295 115.0104 115.0909 115.1711 115.2509 115.3304 115.4095 115.4882 115.5666 115.6446 115.7223 115.7996 115.8766 115.9532 116.0295 116.1054 116.1809 116.2561 116.331 116.4055 116.4797 116.5535 116.627 116.7002 116.7729 116.8454 116.9175 116.9893 117.0607 117.1318 117.2025 117.2729 117.343 117.4128 117.4822 117.5512 117.6199 117.6883 117.7564
-9999 -9999 -9999 -9999 -9999 -9999 -9999 -9999 -9999 -9999 -9999 -9999 -9999 -9999 -9999 114.1007 114.1852 114.2694 114.3531 114.4366 114.5196 114.6024 114.6847 114.7667 114.8483 114.9295 115.0104 115.0909 115.1711 115.2509 115.3304 115.4095 115.4882 115.5666 115.6446 115.7223 115.7996 115.8766 115.9532 116.0295 116.1054 116.1809 116.2561 116.331 116.4055 116.4797 116.5535 116.627 116.7002 116.7729 116.8454 116.9175 116.9893 117.0607 117.1318 117.2025 117.2729 117.343 117.4128 117.4822 117.5512 117.6199 117.6883 117.7564
