saved_data/vwindnew.asc
ncols         508
nrows         366
xllcorner     -2219380.8969024
yllcorner     1941017.9463268
cellsize      3850
NODATA_value  -9999
[rows 112 to 139 of 366, columns 320 to 383 of 508]
119.5274 119.5683 119.6091 119.6499 119.6905 119.7311 119.7716 119.812 119.8524 119.8927 119.9303 119.9616 119.9897 120.0179 120.0462 120.0747 120.1032 120.1318 120.1606 120.1894 120.2183 120.2474 120.2765 120.3058 120.3351 120.3646 120.3941 120.4238 120.4536 120.4834 120.5134 120.5434 120.5736 120.6039 120.6342 120.6647 120.6953 120.726 120.7567 120.7876 120.8186 120.8496 120.8808 120.9121 120.9434 120.9749 121.0064 121.0381 121.0699 121.1017 121.1337 121.1657 121.1979 121.2301 121.2625 121.2949 121.3275 121.3601 121.3929 121.413 121.4168 121.418 121.4194 121.421
119.5274 119.5683 119.6091 119.6499 119.6905 119.7311 119.7716 119.812 119.8524 119.8927 119.9303 119.9616 119.9897 120.0179 120.0462 120.0747 120.1032 120.1318 120.1606 120.1894 120.2183 120.2474 120.2765 120.3058 120.3351 120.3646 120.3941 120.4238 120.4536 120.4834 120.5134 120.5434 120.5736 120.6039 120.6342 120.6647 120.6953 120.726 120.7567 120.7876 120.8186 120.8496 120.8808 120.9121 120.9434 120.9749 121.0064 121.0381 121.0699 121.1017 121.1337 121.1657 121.1979 121.2301 121.2625 121.2949 121.3275 121.3601 121.3929 121.413 121.4168 121.418 121.4194 121.421
119.719 119.7606 119.8022 119.8436 119.885 119.9264 119.9676 120.0088 120.0499 120.0909 120.1277 120.1579 120.1859 120.2139 120.2421 120.2704 120.2988 120.3273 120.3558 120.3845 120.4133 120.4422 120.4712 120.5003 120.5295 120.5588 120.5882 120.6177 120.6473 120.677 120.7068 120.7368 120.7668 120.7969 120.8271 120.8574 120.8878 120.9183 120.949 120.9797 121.0105 121.0414 121.0724 121.1035 121.1347 121.166 121.1975 121.229 121.2606 121.2923 121.3241 121.356 121.388 121.4201 121.4523 121.4845 121.5169 121.5494 121.582 121.5992 121.5998 121.6002 121.6008 121.6015
119.9109 119.9532 119.9955 120.0377 120.0798 120.1218 120.1638 120.2057 120.2476 120.2893 120.3253 120.3541 120.382 120.4099 120.4379 120.466 120.4943 120.5226 120.551 120.5796 120.6082 120.6369 120.6658 120.6947 120.7238 120.7529 120.7822 120.8115 120.841 120.8706 120.9002 120.93 120.9598 120.9898 121.0199 121.05 121.0803 121.1106 121.1411 121.1717 121.2023 121.2331 121.2639 121.2949 121.326 121.3571 121.3884 121.4197 121.4512 121.4827 121.5144 121.5461 121.578 121.6099 121.6419 121.6741 121.7063 121.7386 121.7694 121.7832 121.7825 121.7821 121.7819 121.7818
119.9109 119.9532 119.9955 120.0377 120.0798 120.1218 120.1638 120.2057 120.2476 120.2893 120.3253 120.3541 120.382 120.4099 120.4379 120.466 120.4943 120.5226 120.551 120.5796 120.6082 120.6369 120.6658 120.6947 120.7238 120.7529 120.7822 120.8115 120.841 120.8706 120.9002 120.93 120.9598 120.9898 121.0199 121.05 121.0803 121.1106 121.1411 121.1717 121.2023 121.2331 121.2639 121.2949 121.326 121.3571 121.3884 121.4197 121.4512 121.4827 121.5144 121.5461 121.578 121.6099 121.6419 121.6741 121.7063 121.7386 121.7694 121.7832 121.7825 121.7821 121.7819 121.7818
120.103 120.146 120.189 120.232 120.2748 120.3176 120.3603 120.4029 120.4455 120.488 120.5227 120.5503 120.5779 120.6057 120.6336 120.6616 120.6896 120.7178 120.7461 120.7745 120.803 120.8316 120.8603 120.8891 120.918 120.947 120.9761 121.0053 121.0346 121.064 121.0935 121.1231 121.1528 121.1826 121.2125 121.2425 121.2726 121.3029 121.3332 121.3636 121.3941 121.4247 121.4554 121.4862 121.5171 121.5481 121.5792 121.6104 121.6417 121.6731 121.7046 121.7362 121.7679 121.7996 121.8315 121.8635 121.8956 121.9277 121.9557 121.9664 121.965 121.9637 121.9627 121.9619
120.2953 120.3391 120.3829 120.4265 120.4701 120.5136 120.557 120.6004 120.6437 120.6854 120.7189 120.7463 120.7738 120.8015 120.8292 120.857 120.8849 120.913 120.9411 120.9693 120.9977 121.0261 121.0547 121.0833 121.1121 121.1409 121.1699 121.1989 121.2281 121.2573 121.2867 121.3161 121.3457 121.3754 121.4051 121.435 121.4649 121.495 121.5251 121.5554 121.5857 121.6162 121.6467 121.6774 121.7081 121.739 121.7699 121.801 121.8321 121.8634 121.8947 121.9261 121.9577 121.9893 122.021 122.0528 122.0848 122.1168 122.1419 122.1494 122.1471 122.1451 122.1432 122.1416
120.4879 120.5325 120.5769 120.6213 120.6656 120.7098 120.754 120.7981 120.8421 120.8828 120.915 120.9423 120.9696 120.9971 121.0247 121.0524 121.0801 121.108 121.136 121.1641 121.1923 121.2206 121.249 121.2775 121.3061 121.3348 121.3636 121.3925 121.4215 121.4506 121.4798 121.5091 121.5385 121.568 121.5976 121.6273 121.6571 121.687 121.717 121.7471 121.7773 121.8076 121.838 121.8685 121.8991 121.9298 121.9606 121.9915 122.0225 122.0536 122.0847 122.116 122.1474 122.1789 122.2104 122.2421 122.2739 122.3057 122.3279 122.332 122.329 122.3262 122.3235 122.3211
120.4879 120.5325 120.5769 120.6213 120.6656 120.7098 120.754 120.7981 120.8421 120.8828 120.915 120.9423 120.9696 120.9971 121.0247 121.0524 121.0801 121.108 121.136 121.1641 121.1923 121.2206 121.249 121.2775 121.3061 121.3348 121.3636 121.3925 121.4215 121.4506 121.4798 121.5091 121.5385 121.568 121.5976 121.6273 121.6571 121.687 121.717 121.7471 121.7773 121.8076 121.838 121.8685 121.8991 121.9298 121.9606 121.9915 122.0225 122.0536 122.0847 122.116 122.1474 122.1789 122.2104 122.2421 122.2739 122.3057 122.3279 122.332 122.329 122.3262 122.3235 122.3211
120.6808 120.726 120.7712 120.8163 120.8614 120.9063 120.9512 120.9961 121.0408 121.0804 121.111 121.1381 121.1653 121.1926 121.2201 121.2476 121.2752 121.303 121.3308 121.3587 121.3868 121.4149 121.4432 121.4715 121.5 121.5285 121.5572 121.5859 121.6148 121.6437 121.6728 121.7019 121.7312 121.7605 121.79 121.8195 121.8492 121.8789 121.9088 121.9387 121.9688 121.9989 122.0292 122.0595 122.09 122.1205 122.1511 122.1819 122.2127 122.2436 122.2747 122.3058 122.337 122.3683 122.3998 122.4313 122.4629 122.4946 122.5136 122.5144 122.5106 122.5069 122.5035 122.5002
120.8739 120.9199 120.9658 121.0116 121.0574 121.1031 121.1487 121.1942 121.2397 121.278 121.3069 121.3339 121.3609 121.3881 121.4154 121.4428 121.4702 121.4978 121.5255 121.5533 121.5812 121.6092 121.6373 121.6655 121.6938 121.7222 121.7507 121.7793 121.808 121.8368 121.8657 121.8947 121.9238 121.953 121.9823 122.0117 122.0412 122.0708 122.1005 122.1303 122.1602 122.1902 122.2203 122.2505 122.2807 122.3111 122.3416 122.3722 122.4029 122.4337 122.4645 122.4955 122.5266 122.5577 122.589 122.6204 122.6518 122.6834 122.6992 122.6965 122.6919 122.6874 122.6832 122.6792
120.8739 120.9199 120.9658 121.0116 121.0574 121.1031 121.1487 121.1942 121.2397 121.278 121.3069 121.3339 121.3609 121.3881 121.4154 121.4428 121.4702 121.4978 121.5255 121.5533 121.5812 121.6092 121.6373 121.6655 121.6938 121.7222 121.7507 121.7793 121.808 121.8368 121.8657 121.8947 121.9238 121.953 121.9823 122.0117 122.0412 122.0708 122.1005 122.1303 122.1602 122.1902 122.2203 122.2505 122.2807 122.3111 122.3416 122.3722 122.4029 122.4337 122.4645 122.4955 122.5266 122.5577 122.589 122.6204 122.6518 122.6834 122.6992 122.6965 122.6919 122.6874 122.6832 122.6792
121.0673 121.114 121.1606 121.2072 121.2536 121.3001 121.3464 121.3927 121.4389 121.4757 121.5027 121.5295 121.5564 121.5835 121.6106 121.6378 121.6652 121.6926 121.7201 121.7478 121.7755 121.8034 121.8313 121.8593 121.8875 121.9157 121.9441 121.9725 122.0011 122.0297 122.0585 122.0873 122.1163 122.1453 122.1745 122.2037 122.2331 122.2625 122.2921 122.3217 122.3515 122.3813 122.4112 122.4413 122.4714 122.5017 122.532 122.5624 122.5929 122.6236 122.6543 122.6851 122.716 122.747 122.7782 122.8094 122.8407 122.8718 122.884 122.8783 122.8729 122.8677 122.8626 122.8578
121.2609 121.3083 121.3557 121.4029 121.4501 121.4973 121.5444 121.5914 121.6368 121.6718 121.6984 121.7251 121.7518 121.7787 121.8057 121.8328 121.86 121.8873 121.9146 121.9421 121.9697 121.9974 122.0252 122.0531 122.0811 122.1092 122.1374 122.1657 122.1941 122.2226 122.2512 122.2799 122.3087 122.3376 122.3666 122.3957 122.4249 122.4542 122.4836 122.5131 122.5427 122.5724 122.6021 122.632 122.662 122.6921 122.7223 122.7526 122.7829 122.8134 122.844 122.8746 122.9054 122.9363 122.9672 122.9983 123.0294 123.0575 123.0663 123.0599 123.0537 123.0476 123.0418 123.0361
121.4547 121.5029 121.551 121.599 121.6469 121.6948 121.7426 121.7903 121.8344 121.8676 121.894 121.9205 121.9472 121.9739 122.0007 122.0276 122.0547 122.0818 122.1091 122.1364 122.1638 122.1914 122.219 122.2468 122.2746 122.3026 122.3306 122.3588 122.387 122.4154 122.4438 122.4724 122.501 122.5298 122.5586 122.5876 122.6166 122.6458 122.675 122.7044 122.7338 122.7633 122.793 122.8227 122.8525 122.8825 122.9125 122.9426 122.9728 123.0032 123.0336 123.0641 123.0947 123.1254 123.1562 123.1871 123.2181 123.243 123.2484 123.2411 123.2341 123.2273 123.2207 123.2142
121.4547 121.5029 121.551 121.599 121.6469 121.6948 121.7426 121.7903 121.8344 121.8676 121.894 121.9205 121.9472 121.9739 122.0007 122.0276 122.0547 122.0818 122.1091 122.1364 122.1638 122.1914 122.219 122.2468 122.2746 122.3026 122.3306 122.3588 122.387 122.4154 122.4438 122.4724 122.501 122.5298 122.5586 122.5876 122.6166 122.6458 122.675 122.7044 122.7338 122.7633 122.793 122.8227 122.8525 122.8825 122.9125 122.9426 122.9728 123.0032 123.0336 123.0641 123.0947 123.1254 123.1562 123.1871 123.2181 123.243 123.2484 123.2411 123.2341 123.2273 123.2207 123.2142
121.6488 121.6977 121.7465 121.7952 121.8439 121.8925 121.941 121.9894 122.032 122.0632 122.0895 122.1159 122.1424 122.169 122.1956 122.2224 122.2493 122.2763 122.3034 122.3306 122.3579 122.3853 122.4128 122.4404 122.4681 122.4959 122.5238 122.5518 122.5799 122.6081 122.6364 122.6648 122.6933 122.7219 122.7506 122.7794 122.8083 122.8373 122.8663 122.8955 122.9248 122.9542 122.9837 123.0133 123.043 123.0727 123.1026 123.1326 123.1627 123.1928 123.2231 123.2534 123.2839 123.3144 123.3451 123.3758 123.4067 123.4284 123.4301 123.4221 123.4143 123.4067 123.3993 123.392
121.8432 121.8928 121.9423 121.9918 122.0411 122.0904 122.1397 122.1889 122.2297 122.2588 122.2849 122.3112 122.3375 122.3639 122.3905 122.4171 122.4438 122.4707 122.4976 122.5247 122.5518 122.5791 122.6064 122.6339 122.6614 122.6891 122.7168 122.7447 122.7726 122.8007 122.8288 122.8571 122.8854 122.9139 122.9424 122.9711 122.9998 123.0286 123.0576 123.0866 123.1158 123.145 123.1743 123.2038 123.2333 123.2629 123.2926 123.3225 123.3524 123.3824 123.4125 123.4427 123.473 123.5034 123.5339 123.5645 123.5952 123.6135 123.6116 123.6028 123.5942 123.5858 123.5776 123.5696
121.8432 121.8928 121.9423 121.9918 122.0411 122.0904 122.1397 122.1889 122.2297 122.2588 122.2849 122.3112 122.3375 122.3639 122.3905 122.4171 122.4438 122.4707 122.4976 122.5247 122.5518 122.5791 122.6064 122.6339 122.6614 122.6891 122.7168 122.7447 122.7726 122.8007 122.8288 122.8571 122.8854 122.9139 122.9424 122.9711 122.9998 123.0286 123.0576 123.0866 123.1158 123.145 123.1743 123.2038 123.2333 123.2629 123.2926 123.3225 123.3524 123.3824 123.4125 123.4427 123.473 123.5034 123.5339 123.5645 123.5952 123.6135 123.6116 123.6028 123.5942 123.5858 123.5776 123.5696
122.0378 122.0881 122.1384 122.1885 122.2386 122.2887 122.3386 122.3885 122.4274 122.4543 122.4803 122.5063 122.5325 122.5588 122.5852 122.6117 122.6383 122.665 122.6918 122.7187 122.7457 122.7728 122.8 122.8273 122.8547 122.8822 122.9098 122.9375 122.9653 122.9932 123.0212 123.0493 123.0775 123.1058 123.1342 123.1627 123.1913 123.22 123.2487 123.2776 123.3066 123.3357 123.3649 123.3942 123.4235 123.453 123.4826 123.5123 123.542 123.5719 123.6018 123.6319 123.662 123.6923 123.7226 123.7531 123.7836 123.7985 123.7928 123.7833 123.7739 123.7647 123.7557 123.7468
122.2327 122.2837 122.3347 122.3855 122.4364 122.4871 122.5378 122.5872 122.6239 122.6497 122.6755 122.7014 122.7275 122.7536 122.7798 122.8062 122.8326 122.8592 122.8858 122.9126 122.9394 122.9664 122.9934 123.0206 123.0478 123.0752 123.1026 123.1302 123.1579 123.1856 123.2134 123.2414 123.2694 123.2976 123.3258 123.3542 123.3826 123.4112 123.4398 123.4686 123.4974 123.5263 123.5554 123.5845 123.6137 123.643 123.6724 123.702 123.7316 123.7613 123.7911 123.821 123.851 123.8811 123.9113 123.9416 123.9719 123.9833 123.9738 123.9634 123.9532 123.9432 123.9334 123.9238
122.4278 122.4795 122.5312 122.5828 122.6343 122.6858 122.7372 122.7848 122.8194 122.8449 122.8706 122.8964 122.9223 122.9483 122.9744 123.0006 123.0269 123.0533 123.0798 123.1064 123.1331 123.1599 123.1868 123.2138 123.2409 123.2681 123.2954 123.3228 123.3503 123.3779 123.4056 123.4334 123.4613 123.4893 123.5174 123.5456 123.5739 123.6023 123.6308 123.6594 123.6881 123.7169 123.7457 123.7747 123.8038 123.833 123.8622 123.8916 123.921 123.9506 123.9802 124.01 124.0398 124.0698 124.0998 124.13 124.1585 124.1658 124.1544 124.1433 124.1323 124.1215 124.1109 124.1005
122.4278 122.4795 122.5312 122.5828 122.6343 122.6858 122.7372 122.7848 122.8194 122.8449 122.8706 122.8964 122.9223 122.9483 122.9744 123.0006 123.0269 123.0533 123.0798 123.1064 123.1331 123.1599 123.1868 123.2138 123.2409 123.2681 123.2954 123.3228 123.3503 123.3779 123.4056 123.4334 123.4613 123.4893 123.5174 123.5456 123.5739 123.6023 123.6308 123.6594 123.6881 123.7169 123.7457 123.7747 123.8038 123.833 123.8622 123.8916 123.921 123.9506 123.9802 124.01 124.0398 124.0698 124.0998 124.13 124.1585 124.1658 124.1544 124.1433 124.1323 124.1215 124.1109 124.1005
122.6232 122.6756 122.728 122.7803 122.8326 122.8847 122.9368 122.9825 123.0147 123.0401 123.0657 123.0913 123.1171 123.1429 123.1689 123.1949 123.2211 123.2473 123.2737 123.3001 123.3267 123.3533 123.3801 123.4069 123.4339 123.4609 123.4881 123.5154 123.5427 123.5702 123.5977 123.6254 123.6531 123.681 123.7089 123.737 123.7651 123.7934 123.8217 123.8501 123.8787 123.9073 123.936 123.9648 123.9938 124.0228 124.0519 124.0811 124.1104 124.1398 124.1693 124.1989 124.2286 124.2584 124.2883 124.3183 124.3434 124.347 124.3348 124.3229 124.3111 124.2996 124.2882 124.277
122.8188 122.8719 122.925 122.9781 123.031 123.0839 123.1367 123.1803 123.2099 123.2352 123.2606 123.2861 123.3117 123.3374 123.3632 123.3891 123.4151 123.4412 123.4674 123.4937 123.5202 123.5467 123.5733 123.6 123.6268 123.6537 123.6807 123.7078 123.735 123.7623 123.7897 123.8172 123.8448 123.8725 123.9003 123.9282 123.9562 123.9843 124.0125 124.0408 124.0692 124.0976 124.1262 124.1549 124.1837 124.2125 124.2415 124.2706 124.2997 124.329 124.3583 124.3878 124.4173 124.447 124.4767 124.5065 124.5281 124.5279 124.5149 124.5022 124.4897 124.4773 124.4652 124.4532
122.8188 122.8719 122.925 122.9781 123.031 123.0839 123.1367 123.1803 123.2099 123.2352 123.2606 123.2861 123.3117 123.3374 123.3632 123.3891 123.4151 123.4412 123.4674 123.4937 123.5202 123.5467 123.5733 123.6 123.6268 123.6537 123.6807 123.7078 123.735 123.7623 123.7897 123.8172 123.8448 123.8725 123.9003 123.9282 123.9562 123.9843 124.0125 124.0408 124.0692 124.0976 124.1262 124.1549 124.1837 124.2125 124.2415 124.2706 124.2997 124.329 124.3583 124.3878 124.4173 124.447 124.4767 124.5065 124.5281 124.5279 124.5149 124.5022 124.4897 124.4773 124.4652 124.4532
123.0146 123.0685 123.1223 123.176 123.2297 123.2833 123.3369 123.3781 123.4051 123.4302 123.4555 123.4808 123.5063 123.5318 123.5575 123.5833 123.6091 123.6351 123.6611 123.6873 123.7135 123.7399 123.7664 123.7929 123.8196 123.8464 123.8732 123.9002 123.9272 123.9544 123.9816 124.009 124.0364 124.064 124.0916 124.1194 124.1472 124.1752 124.2032 124.2313 124.2596 124.2879 124.3163 124.3449 124.3735 124.4022 124.431 124.4599 124.4889 124.5181 124.5472 124.5765 124.6059 124.6354 124.665 124.6947 124.7126 124.7085 124.6948 124.6813 124.6679 124.6548 124.6419 124.6291
123.2107 123.2653 123.3198 123.3743 123.4287 123.483 123.5366 123.5752 123.6001 123.6251 123.6502 123.6755 123.7008 123.7262 123.7517 123.7773 123.803 123.8288 123.8547 123.8807 123.9069 123.9331 123.9594 123.9858 124.0123 124.0389 124.0656 124.0924 124.1193 124.1464 124.1735 124.2007 124.228 124.2554 124.2829 124.3105 124.3382 124.366 124.3939 124.4218 124.4499 124.4781 124.5064 124.5348 124.5632 124.5918 124.6205 124.6492 124.6781 124.707 124.7361 124.7652 124.7945 124.8238 124.8532 124.8827 124.897 124.8888 124.8743 124.86 124.8459 124.832 124.8183 124.8047
