wind_data/vavg_narr_nrockies_albers.txt
ncols         31
nrows         26
xllcorner     -510611.31198849
yllcorner     -29009.202644741
cellsize      32464
NODATA_value  -9999
0.5722358 0.6835723 0.979938 1.202077 1.223569 1.447026 1.475688 1.461339 1.071146 0.3335809 0.3440904 0.2630452 0.4974007 0.3327166 0.580147 0.4553915 0.311108 0.231746 0.1513332 0.3301541 0.3318944 0.3090073 0.3595378 0.4343186 0.3264217 0.1947345 0.1730601 0.1185158 0.1434111 0.169416 0.158531 
0.7087858 0.7823098 1.223424 1.222856 1.214208 1.281705 1.254106 1.342936 1.278494 1.264158 1.187858 0.1052441 0.1633454 0.3770159 0.4282353 0.3693191 0.2370379 0.3914083 0.4043939 0.3420849 0.1287206 0.2480571 0.247208 0.3581393 0.2835845 0.1159486 0.3291857 0.0455007 0.170578 0.1877393 0.2069765 
0.9956067 0.8983424 1.199666 1.201549 1.304404 1.209316 1.123618 0.9166383 1.160702 0.8049884 1.27123 0.2718263 0.1769489 0.1472733 0.1471627 0.169777 0.3933526 0.6977593 0.5723786 0.3340791 -0.08824702 -0.03408803 -0.02330401 -0.01145567 0.02418849 -0.02439705 0.1698067 0.08942652 0.1222375 0.2156723 0.2042844 
1.136536 0.8799813 1.252521 1.49844 1.68389 0.8904783 1.068898 1.03463 1.382978 1.573919 1.286775 0.2603348 0.2649954 0.1184482 0.05073617 0.0001151493 0.3968944 0.8794993 0.5225767 -0.02728862 -0.1056334 0.06971242 -0.1027706 -0.01763301 0.009451573 -0.06024909 0.07917876 0.1300475 0.1393393 0.1510406 0.1786906 
0.923672 0.9786563 1.151932 1.679833 1.189899 1.054274 1.062564 0.9864456 1.103431 1.56027 1.330846 0.9874026 0.727732 0.1665164 0.08502494 0.1498891 0.3631753 0.5585571 0.5535519 0.2990189 0.007365517 0.146025 0.0919036 0.02467419 0.01862137 -0.02945879 0.01621975 -0.01749148 0.1377896 0.09373797 0.1118513 
1.120314 0.8993447 1.271557 1.699181 1.55722 1.100367 1.087924 0.9918857 0.9802942 1.50179 1.351441 0.7016326 0.4446685 0.3346293 0.5024192 0.1533239 0.3698207 0.02192697 0.4483868 0.2209343 -0.08259364 0.2809397 0.2518985 0.03077126 0.2285466 -0.1642886 0.02496284 0.02391422 0.1817608 0.1241725 0.117265 
1.193979 1.01063 1.489935 1.679915 1.503806 1.680432 0.9614514 0.7367847 0.9748472 0.9334823 0.3824148 0.4995004 1.012418 0.5633327 0.9654993 0.4636008 0.6197823 -0.1234038 0.07198952 0.1005888 -0.3694757 -0.3051272 -0.06805892 0.02033517 -0.01293986 0.003756964 0.1374366 0.06072616 0.03748155 0.2853916 0.3314468 
0.9402861 1.097738 1.226893 1.621016 1.512414 1.510324 0.8711088 0.5355244 0.488138 0.3113718 0.3669426 0.7673038 1.086242 1.137251 1.258422 0.8783109 0.9609261 -0.1921791 -0.06960031 -0.114214 -0.333531 -0.1472362 -0.06150728 -0.0223563 -0.07202472 -0.08358452 -0.09766345 0.08965798 -0.02051694 0.2878029 0.2921121 
0.543226 0.4435118 0.4492704 0.5067536 0.4349396 1.114277 1.135683 1.300684 0.6194705 0.3165229 0.2775266 0.1927839 1.004542 1.258571 1.312948 0.9293104 0.5622432 -0.1285611 -0.2877335 -0.244451 0.0292746 -0.03791415 -0.01558151 -0.1016556 -0.07516672 -0.1293439 -0.1002408 -0.09411222 -0.05483657 0.2633285 0.1672571 
0.6908298 0.5274584 0.2236269 0.2041816 0.2240339 0.6339015 1.047342 1.38007 1.160191 0.5253001 0.03313126 -0.17377 0.7905441 0.7520359 0.7717179 1.091596 0.6417618 -0.01588883 -0.2949664 -0.6004316 0.1305259 0.2524202 0.02088519 -0.11461 -0.13292 -0.1440538 -0.08842976 -0.01706601 -0.05105465 0.2046029 0.1358643 
0.7148232 0.5734127 0.4170542 0.4127381 0.4679131 0.5226843 1.082005 1.46932 1.513427 1.217484 0.4985897 -0.1332042 0.3411572 0.3202589 0.5780194 1.06285 1.013787 0.8030165 0.268958 -0.2254145 0.1202063 0.08350375 -0.03420064 -0.09712353 -0.1393769 -0.0984519 -0.04267552 0.07446973 -0.01572591 0.1305675 0.0704887 
0.4556639 0.4155503 0.4475795 0.6175758 0.6873227 0.5695522 0.6611455 0.8904136 1.162577 1.414232 1.264214 0.7125051 0.4503879 0.4017683 0.6414811 0.9251665 0.5803686 0.5646192 0.3088388 0.05680517 0.05480599 -0.004495056 -0.04758617 -0.04406392 -0.04704831 -0.07397021 -0.06325214 -0.06333763 0.007723562 0.08993042 0.1217781 
0.9793473 0.9373919 0.468847 0.6104072 0.7718908 0.6827957 0.5415277 0.4712963 0.4841389 1.096256 0.9613366 0.8839936 1.052156 1.094758 0.8651874 0.9286737 0.6315926 0.6304415 0.3080072 -0.02993371 0.0807493 0.1098917 0.03668539 -0.01368903 -0.02992919 -0.004487039 -0.09269977 -0.1082596 -0.2021366 -0.04451088 0.09035326 
0.8539117 0.9220384 0.6705804 1.146573 1.002539 1.010252 0.8927927 0.5050889 0.5163539 0.749558 1.200724 1.183166 1.428615 1.659681 1.288123 1.354025 1.395445 1.581579 0.6913611 0.4837041 0.4563754 0.1552411 0.482103 0.2618791 -0.2752736 -0.4966294 -0.3167926 -0.003916913 0.07720474 0.07498659 0.08105631 
0.1111621 0.3818645 1.038446 1.60544 1.498786 1.409468 1.038441 0.6235147 0.5796247 0.4729344 0.9341857 1.289905 1.389437 1.660155 1.743133 1.825791 1.760192 1.82298 1.148266 0.6397687 0.5109258 0.5237492 0.105065 -0.4266738 -0.4363614 -0.4758607 -0.249476 0.02071587 0.003564249 0.05181199 0.06609177 
-0.2002885 0.1263415 0.4136328 0.7534434 1.504642 1.654238 1.427769 1.211275 0.9924288 0.6367253 0.900669 1.322022 1.500288 1.84925 1.990914 1.996307 1.793154 1.745375 1.131228 0.3528727 0.4180531 0.2506137 0.07898536 0.4017844 -0.2796806 -0.9012096 -0.4401481 -0.03464634 0.07875531 0.1561915 0.1627535 
-0.2562172 -0.204923 -0.1735571 0.1754522 1.196952 1.736245 1.655038 1.32491 1.088667 0.8863289 0.8636067 1.366834 1.716503 1.78391 1.776643 1.969983 2.088637 1.987419 1.502213 1.073238 0.7460906 0.05583116 -0.1392468 -0.08558057 -0.5925536 -0.7626306 0.001446091 0.2778447 0.2373996 0.28186 0.3014027 
-0.2026494 -0.1508012 0.1658637 0.5410917 1.060605 1.646483 1.309503 1.12682 0.7697685 0.6665594 0.7505203 0.9142303 1.061274 1.378264 1.458897 1.623572 2.173746 2.185438 1.623877 0.8810719 0.2124168 -0.2184761 -0.1463753 -0.1326028 -0.2100135 0.03662213 0.4148411 0.3188581 0.2231184 0.2387889 0.1045925 
-0.1576333 -0.1389484 0.002717295 0.3042145 0.4514565 0.386937 0.803681 0.8240255 0.6105577 0.7018905 0.769186 0.9673072 0.9674811 1.162093 1.752615 1.640512 1.923871 1.856808 1.451866 0.3532993 -0.03589905 -0.1870115 0.3758179 0.4030955 0.09233526 0.5772752 0.7040817 0.5676825 0.3236164 0.1981071 0.01205928 
0.01507967 -0.0159886 -0.1634564 -0.1156622 -0.1880491 -0.3350749 -0.3236971 -0.05794952 0.4578834 0.4346622 0.9890494 1.001635 1.042676 1.252059 2.237506 2.113238 1.911711 1.491718 1.416685 0.7846215 0.5520464 0.2438857 0.7787767 0.8563578 0.666631 0.09423904 0.4165486 0.6828364 0.05169775 -0.07733349 -0.03890141 
0.3895169 0.2424713 -0.3038976 -0.5469554 -0.3796558 -0.4536809 0.3034361 0.2487078 0.5509222 0.962859 0.9696063 1.275719 1.482237 1.284465 1.913952 1.940876 1.804605 1.359109 1.083186 0.6227515 0.4559747 0.1666318 0.6312166 0.7051944 0.6126037 0.8632561 0.9813041 0.8507535 0.3825879 0.09710137 0.04007042 
0.4907013 -0.1212649 -0.3294175 -0.2403872 -0.3367202 -0.122886 0.2071286 0.2277156 0.3981324 0.4307558 0.6405625 1.2782 1.470515 1.501454 1.705284 1.35536 1.177175 0.5790865 0.6219441 0.4948056 0.7062826 0.431916 0.6378457 0.9377736 0.645573 1.167213 1.334262 1.099669 0.8397791 0.468973 0.1332383 
0.2802536 0.07004719 0.1864742 -0.1759964 -0.3635127 -0.1205476 -0.09949179 0.2138782 0.3716071 0.4446416 0.6366663 1.433017 1.746452 1.464781 1.547615 0.782479 1.094812 -0.03381418 0.2334286 0.1733775 0.7686224 0.3026488 1.07214 1.168574 1.348189 1.443884 1.422108 1.535973 1.625024 0.05495422 0.01995753 
0.1641261 0.1856297 0.2981925 -0.1731182 0.08832534 -0.07393672 0.3176381 0.3592127 0.4344302 0.8758727 1.261217 1.252568 1.075267 1.172068 1.297665 0.8394481 1.271217 0.2163891 0.285821 0.0791718 0.7606151 0.04238613 1.54085 1.402751 1.826062 1.734411 1.838493 0.8783302 0.5444453 -0.03828979 0.3363261 
0.3339921 0.5811047 0.6638996 0.2921512 0.3069114 0.2930197 0.4768094 0.3639669 0.6763819 0.7449607 0.8373828 0.8955468 0.8480068 0.6045752 0.869527 0.7896371 0.732881 0.4717293 0.5896901 0.4873293 0.6736947 0.6885211 1.024479 1.794713 1.69211 1.593272 0.9331099 1.879731 0.2589553 0.07892328 0.5825946 
0.445964 0.5306358 0.5715815 0.4310129 0.584528 0.4392127 0.3106517 0.3483738 0.3307693 0.6465483 0.6242869 0.6042323 0.5095275 0.4495072 0.5048878 0.4482655 0.390736 0.5293089 0.6790514 0.6589851 0.5769156 0.6923362 0.8697527 1.65267 1.377981 1.588173 1.121688 0.9309952 0.08565415 -0.001773543 0.3714584 
