unicor_wind/u_5km.txt_ones_5km.txt_XY_WBP.csv_asymmetric_WindCost_TO_.addedpaths.txt
ncols 201
nrows 169
xllcorner -510611.31198849
yllcorner -29945.202644741
cellsize 5000
NODATA_value -9999
[rows 108 to 143 of 169, columns 81 to 161 of 201]
4011.0 3058.0 1857.0 2048.0 1899.0 2084.0 1907.0 2188.0 2301.0 2352.0 2440.0 2264.0 2912.0 2394.0 2205.0 2957.0 3052.0 3296.0 2624.0 3215.0 12143.0 12747.0 2956.0 8302.0 7897.0 2802.0 2865.0 43352.0 9277.0 10196.0 4456.0 4715.0 5698.0 5376.0 10091.0 13655.0 5669.0 5573.0 5057.0 5810.0 4484.0 7653.0 1467.0 1298.0 1756.0 1734.0 1355.0 849.0 256.0 0.0 0.0 0.0 0.0 0.0 0.0 0.0 0.0 0.0 0.0 0.0 0.0 0.0 0.0 0.0 0.0 0.0 0.0 0.0 0.0 0.0 0.0 0.0 0.0 0.0 0.0 0.0 0.0 0.0 0.0 0.0 0.0
27491.0 29451.0 30645.0 17388.0 17453.0 17310.0 17366.0 17314.0 17603.0 17717.0 17752.0 17802.0 17471.0 18039.0 17475.0 17184.0 18719.0 17955.0 18783.0 18285.0 18311.0 26310.0 26014.0 25404.0 19626.0 22071.0 21041.0 20647.0 67187.0 9940.0 4677.0 4607.0 5882.0 5813.0 8771.0 13577.0 4895.0 6054.0 6711.0 6391.0 6214.0 7534.0 1531.0 2372.0 1584.0 1934.0 1340.0 1031.0 256.0 0.0 0.0 0.0 0.0 0.0 0.0 0.0 0.0 0.0 0.0 0.0 0.0 0.0 0.0 0.0 0.0 0.0 0.0 0.0 0.0 0.0 0.0 0.0 0.0 0.0 0.0 0.0 0.0 0.0 0.0 0.0 0.0
0.0 162.0 49.0 13178.0 42.0 102.0 84.0 136.0 68.0 356.0 584.0 623.0 804.0 535.0 1149.0 687.0 1081.0 1447.0 1033.0 1691.0 1503.0 2327.0 10820.0 15777.0 4885.0 1818.0 2969.0 2759.0 3359.0 70558.0 14236.0 12859.0 12117.0 13850.0 16481.0 17827.0 10159.0 10600.0 11339.0 10687.0 10508.0 12424.0 3513.0 4166.0 3241.0 2287.0 2059.0 1175.0 544.0 0.0 0.0 0.0 0.0 0.0 0.0 0.0 0.0 0.0 0.0 0.0 0.0 0.0 0.0 0.0 0.0 0.0 0.0 0.0 0.0 0.0 0.0 0.0 0.0 0.0 0.0 0.0 0.0 0.0 0.0 0.0 0.0
331.0 125.0 287.0 50.0 13179.0 42.0 102.0 84.0 136.0 68.0 380.0 560.0 623.0 804.0 535.0 1149.0 1227.0 549.0 1440.0 1032.0 1691.0 1503.0 2327.0 17395.0 10153.0 4108.0 1707.0 3128.0 2919.0 8389.0 56960.0 7911.0 7485.0 10378.0 7724.0 12494.0 8088.0 6206.0 6797.0 8852.0 8626.0 13686.0 4000.0 3144.0 2690.0 2198.0 1837.0 1772.0 954.0 1058.0 0.0 0.0 0.0 0.0 0.0 0.0 0.0 0.0 0.0 0.0 0.0 0.0 0.0 0.0 0.0 0.0 0.0 0.0 0.0 0.0 0.0 0.0 0.0 0.0 0.0 0.0 0.0 0.0 0.0 0.0 0.0
562.0 336.0 130.0 292.0 56.0 13182.0 42.0 102.0 84.0 136.0 192.0 256.0 560.0 623.0 804.0 535.0 1711.0 673.0 546.0 1435.0 1032.0 1691.0 1503.0 9073.0 11942.0 9299.0 3721.0 1871.0 3852.0 8410.0 4704.0 54580.0 10531.0 8031.0 6578.0 13263.0 6248.0 8770.0 7027.0 7488.0 9358.0 16859.0 4761.0 4553.0 2665.0 2946.0 2207.0 1865.0 2337.0 1059.0 0.0 0.0 0.0 0.0 0.0 0.0 0.0 0.0 0.0 0.0 0.0 0.0 0.0 0.0 0.0 0.0 0.0 0.0 0.0 0.0 0.0 0.0 0.0 0.0 0.0 0.0 0.0 0.0 0.0 0.0 0.0
375.0 592.0 366.0 134.0 302.0 68.0 13189.0 42.0 102.0 84.0 259.0 71.0 254.0 560.0 623.0 804.0 1162.0 1092.0 672.0 539.0 1435.0 1032.0 1691.0 8312.0 3856.0 11208.0 8761.0 3682.0 2529.0 9121.0 4504.0 7352.0 52161.0 9532.0 8410.0 14020.0 6894.0 6483.0 9790.0 8140.0 9338.0 19582.0 5315.0 5568.0 4267.0 3339.0 3733.0 2815.0 2429.0 1058.0 0.0 0.0 0.0 0.0 0.0 0.0 0.0 0.0 0.0 0.0 0.0 0.0 0.0 0.0 0.0 0.0 0.0 0.0 0.0 0.0 0.0 0.0 0.0 0.0 0.0 0.0 0.0 0.0 0.0 0.0 0.0
726.0 896.0 1113.0 693.0 463.0 626.0 386.0 13504.0 345.0 405.0 563.0 388.0 374.0 555.0 863.0 926.0 1748.0 832.0 1396.0 966.0 842.0 1738.0 1335.0 8702.0 3500.0 3706.0 10829.0 9897.0 3022.0 8525.0 7027.0 5068.0 4803.0 49872.0 9010.0 15261.0 5830.0 6465.0 6375.0 9964.0 8138.0 20219.0 5480.0 4951.0 4828.0 4408.0 3256.0 2382.0 1414.0 0.0 0.0 0.0 0.0 0.0 0.0 0.0 0.0 0.0 0.0 0.0 0.0 0.0 0.0 0.0 0.0 0.0 0.0 0.0 0.0 0.0 0.0 0.0 0.0 0.0 0.0 0.0 0.0 0.0 0.0 0.0 0.0
477.0 412.0 586.0 948.0 545.0 322.0 495.0 252.0 13366.0 195.0 475.0 197.0 236.0 225.0 402.0 713.0 1459.0 923.0 688.0 1232.0 816.0 692.0 1588.0 8052.0 3543.0 2614.0 3172.0 12629.0 8755.0 11175.0 4398.0 4980.0 4137.0 6661.0 47567.0 16466.0 5224.0 4174.0 5616.0 6786.0 9573.0 19815.0 4234.0 4967.0 4958.0 4296.0 3777.0 1607.0 1336.0 0.0 0.0 0.0 0.0 0.0 0.0 0.0 0.0 0.0 0.0 0.0 0.0 0.0 0.0 0.0 0.0 0.0 0.0 0.0 0.0 0.0 0.0 0.0 0.0 0.0 0.0 0.0 0.0 0.0 0.0 0.0 0.0
3433.0 3463.0 3388.0 3761.0 4274.0 4149.0 4063.0 4377.0 4294.0 17458.0 3098.0 2846.0 2818.0 2869.0 2856.0 3029.0 4077.0 3365.0 3561.0 3304.0 3863.0 3447.0 3323.0 11115.0 5972.0 5586.0 5115.0 8728.0 16055.0 19563.0 7242.0 6934.0 8501.0 9550.0 8941.0 58790.0 7140.0 6301.0 5781.0 7456.0 7817.0 22698.0 5957.0 6003.0 5864.0 4967.0 3751.0 2984.0 2305.0 0.0 0.0 0.0 0.0 0.0 0.0 0.0 0.0 0.0 0.0 0.0 0.0 0.0 0.0 0.0 0.0 0.0 0.0 0.0 0.0 0.0 0.0 0.0 0.0 0.0 0.0 0.0 0.0 0.0 0.0 0.0 0.0
596.0 396.0 432.0 357.0 553.0 788.0 530.0 316.0 486.0 365.0 15110.0 791.0 659.0 631.0 682.0 669.0 1376.0 1066.0 1028.0 1226.0 970.0 1529.0 1113.0 7637.0 3722.0 2324.0 2785.0 5485.0 8485.0 19137.0 6714.0 2791.0 2897.0 5378.0 3472.0 4894.0 53528.0 9333.0 10033.0 9249.0 10895.0 7866.0 21740.0 8405.0 7961.0 7076.0 5154.0 4215.0 2253.0 0.0 0.0 0.0 0.0 0.0 0.0 0.0 0.0 0.0 0.0 0.0 0.0 0.0 0.0 0.0 0.0 0.0 0.0 0.0 0.0 0.0 0.0 0.0 0.0 0.0 0.0 0.0 0.0 0.0 0.0 0.0 0.0
606.0 563.0 363.0 399.0 324.0 520.0 755.0 497.0 283.0 453.0 662.0 14466.0 477.0 345.0 317.0 368.0 1156.0 623.0 877.0 875.0 1074.0 818.0 1377.0 7813.0 2960.0 2951.0 2323.0 6370.0 6485.0 12912.0 9868.0 6302.0 2958.0 3321.0 3925.0 3952.0 7565.0 44397.0 8678.0 9550.0 7114.0 9113.0 15205.0 13177.0 7744.0 6512.0 5938.0 4141.0 2707.0 1322.0 0.0 0.0 0.0 0.0 0.0 0.0 0.0 0.0 0.0 0.0 0.0 0.0 0.0 0.0 0.0 0.0 0.0 0.0 0.0 0.0 0.0 0.0 0.0 0.0 0.0 0.0 0.0 0.0 0.0 0.0 0.0
431.0 548.0 505.0 305.0 341.0 266.0 462.0 697.0 439.0 225.0 742.0 257.0 14408.0 419.0 287.0 259.0 1009.0 403.0 583.0 866.0 859.0 1062.0 808.0 8313.0 3276.0 2740.0 3578.0 5281.0 6897.0 11554.0 4206.0 10037.0 6270.0 4228.0 3698.0 4463.0 7253.0 5666.0 41874.0 7310.0 7757.0 6967.0 14774.0 8922.0 11319.0 7404.0 5204.0 4367.0 3650.0 1061.0 268.0 0.0 0.0 0.0 0.0 0.0 0.0 0.0 0.0 0.0 0.0 0.0 0.0 0.0 0.0 0.0 0.0 0.0 0.0 0.0 0.0 0.0 0.0 0.0 0.0 0.0 0.0 0.0 0.0 0.0 0.0
458.0 553.0 670.0 627.0 427.0 463.0 388.0 584.0 819.0 561.0 712.0 499.0 379.0 14530.0 541.0 409.0 1089.0 510.0 462.0 727.0 963.0 1004.0 2019.0 8372.0 4494.0 3303.0 2632.0 6297.0 6590.0 11717.0 3796.0 4318.0 10234.0 6974.0 3233.0 2659.0 8027.0 5424.0 6972.0 36743.0 8134.0 8489.0 15042.0 8835.0 8407.0 8745.0 5586.0 4267.0 3889.0 1626.0 6.0 266.0 0.0 0.0 0.0 0.0 0.0 0.0 0.0 0.0 0.0 0.0 0.0 0.0 0.0 0.0 0.0 0.0 0.0 0.0 0.0 0.0 0.0 0.0 0.0 0.0 0.0 0.0 0.0 0.0 0.0
114.0 147.0 242.0 359.0 316.0 116.0 152.0 77.0 273.0 508.0 615.0 36.0 188.0 68.0 14219.0 230.0 761.0 90.0 106.0 124.0 302.0 559.0 627.0 7366.0 3963.0 2504.0 2243.0 4926.0 6590.0 10464.0 3356.0 3113.0 4294.0 10172.0 5662.0 2517.0 7720.0 4299.0 7378.0 6284.0 33057.0 9305.0 16101.0 9185.0 8735.0 7835.0 7443.0 5752.0 4814.0 2939.0 1974.0 645.0 1058.0 0.0 0.0 0.0 0.0 0.0 0.0 0.0 0.0 0.0 0.0 0.0 0.0 0.0 0.0 0.0 0.0 0.0 0.0 0.0 0.0 0.0 0.0 0.0 0.0 0.0 0.0 0.0 0.0
2683.0 2656.0 2689.0 206.0 323.0 280.0 80.0 116.0 41.0 237.0 887.0 164.0 0.0 152.0 32.0 14183.0 875.0 100.0 37.0 121.0 114.0 297.0 1476.0 14376.0 9659.0 8828.0 9457.0 12351.0 13430.0 18272.0 10468.0 10906.0 11138.0 12362.0 17331.0 13897.0 16059.0 10068.0 12507.0 10783.0 11314.0 36367.0 20629.0 13837.0 13406.0 13527.0 10883.0 9315.0 7565.0 3745.0 2523.0 1207.0 0.0 0.0 0.0 0.0 0.0 0.0 0.0 0.0 0.0 0.0 0.0 0.0 0.0 0.0 0.0 0.0 0.0 0.0 0.0 0.0 0.0 0.0 0.0 0.0 0.0 0.0 0.0 0.0 0.0
20066.0 20021.0 19994.0 22528.0 22623.0 22637.0 22594.0 22394.0 22430.0 22355.0 21845.0 22495.0 21671.0 21507.0 21659.0 21539.0 20836.0 7514.0 6742.0 6584.0 6648.0 6527.0 8838.0 7269.0 3464.0 2644.0 2438.0 5472.0 13958.0 1877.0 3185.0 2710.0 3780.0 4296.0 4600.0 8671.0 10323.0 2126.0 4981.0 4552.0 4302.0 24921.0 9859.0 3872.0 3422.0 4212.0 3366.0 3748.0 3738.0 2286.0 1435.0 1058.0 0.0 0.0 0.0 0.0 0.0 0.0 0.0 0.0 0.0 0.0 0.0 0.0 0.0 0.0 0.0 0.0 0.0 0.0 0.0 0.0 0.0 0.0 0.0 0.0 0.0 0.0 0.0 0.0 0.0
1278.0 1298.0 1253.0 1299.0 1255.0 1453.0 1570.0 1527.0 1327.0 1363.0 1859.0 1449.0 2200.0 1376.0 1212.0 1364.0 15402.0 15476.0 2069.0 1671.0 1618.0 3040.0 1907.0 6824.0 3100.0 3031.0 2758.0 9589.0 10198.0 2441.0 3092.0 3710.0 3341.0 5217.0 3624.0 3950.0 12974.0 4564.0 4459.0 3328.0 4483.0 24848.0 8730.0 2896.0 3494.0 3320.0 1958.0 2492.0 3447.0 2338.0 1214.0 0.0 0.0 0.0 0.0 0.0 0.0 0.0 0.0 0.0 0.0 0.0 0.0 0.0 0.0 0.0 0.0 0.0 0.0 0.0 0.0 0.0 0.0 0.0 0.0 0.0 0.0 0.0 0.0 0.0 0.0
778.0 799.0 819.0 774.0 820.0 776.0 871.0 988.0 945.0 745.0 900.0 1296.0 987.0 1637.0 813.0 649.0 1212.0 15074.0 14642.0 1669.0 1488.0 745.0 1819.0 5981.0 3129.0 2418.0 4468.0 7238.0 9561.0 2200.0 2171.0 1935.0 4059.0 3569.0 2894.0 2314.0 8480.0 8373.0 5809.0 3309.0 4176.0 25633.0 8581.0 2874.0 3442.0 3258.0 1955.0 1619.0 2112.0 1371.0 1058.0 0.0 0.0 0.0 0.0 0.0 0.0 0.0 0.0 0.0 0.0 0.0 0.0 0.0 0.0 0.0 0.0 0.0 0.0 0.0 0.0 0.0 0.0 0.0 0.0 0.0 0.0 0.0 0.0 0.0 0.0
458.0 451.0 472.0 496.0 451.0 497.0 480.0 575.0 692.0 649.0 432.0 589.0 892.0 781.0 1431.0 607.0 479.0 1306.0 14393.0 14008.0 1233.0 2062.0 1598.0 4714.0 1919.0 3745.0 2705.0 7605.0 9619.0 2034.0 2410.0 2328.0 2813.0 4198.0 1929.0 2732.0 6790.0 3559.0 9679.0 5477.0 3956.0 26118.0 8573.0 2781.0 3386.0 3248.0 1963.0 1640.0 2378.0 173.0 0.0 0.0 0.0 0.0 0.0 0.0 0.0 0.0 0.0 0.0 0.0 0.0 0.0 0.0 0.0 0.0 0.0 0.0 0.0 0.0 0.0 0.0 0.0 0.0 0.0 0.0 0.0 0.0 0.0 0.0 0.0
251.0 275.0 277.0 289.0 313.0 268.0 287.0 296.0 391.0 508.0 472.0 257.0 414.0 632.0 727.0 1478.0 438.0 591.0 1017.0 13832.0 13709.0 2602.0 1865.0 3999.0 2538.0 2725.0 2937.0 7554.0 10187.0 2177.0 2248.0 2225.0 2258.0 2528.0 2590.0 2270.0 6891.0 2903.0 5334.0 8989.0 5930.0 26664.0 8527.0 2729.0 3403.0 3294.0 1999.0 1670.0 2371.0 0.0 0.0 0.0 0.0 0.0 0.0 0.0 0.0 0.0 0.0 0.0 0.0 0.0 0.0 0.0 0.0 0.0 0.0 0.0 0.0 0.0 0.0 0.0 0.0 0.0 0.0 0.0 0.0 0.0 0.0 0.0 0.0
97.0 92.0 107.0 118.0 130.0 154.0 109.0 102.0 135.0 230.0 349.0 309.0 88.0 237.0 257.0 453.0 1453.0 698.0 444.0 1213.0 13561.0 13090.0 1966.0 3854.0 1674.0 2841.0 2498.0 8135.0 9729.0 2932.0 2174.0 1973.0 2131.0 3074.0 1686.0 2357.0 5365.0 2928.0 4245.0 4694.0 9787.0 29081.0 8451.0 2735.0 3467.0 3299.0 2053.0 1571.0 2295.0 0.0 0.0 0.0 0.0 0.0 0.0 0.0 0.0 0.0 0.0 0.0 0.0 0.0 0.0 0.0 0.0 0.0 0.0 0.0 0.0 0.0 0.0 0.0 0.0 0.0 0.0 0.0 0.0 0.0 0.0 0.0 0.0
94.0 97.0 92.0 107.0 118.0 130.0 154.0 109.0 78.0 111.0 230.0 349.0 307.0 82.0 225.0 41.0 453.0 1720.0 940.0 1140.0 1302.0 13682.0 26512.0 29178.0 27484.0 27966.0 27602.0 33018.0 33801.0 26793.0 7628.0 5507.0 4987.0 5626.0 4225.0 3966.0 7923.0 4496.0 6001.0 5762.0 6610.0 34445.0 10656.0 2788.0 3499.0 3333.0 1987.0 1502.0 2295.0 0.0 0.0 0.0 0.0 0.0 0.0 0.0 0.0 0.0 0.0 0.0 0.0 0.0 0.0 0.0 0.0 0.0 0.0 0.0 0.0 0.0 0.0 0.0 0.0 0.0 0.0 0.0 0.0 0.0 0.0 0.0 0.0
685.0 749.0 752.0 747.0 762.0 773.0 785.0 809.0 764.0 733.0 277.0 396.0 515.0 316.0 89.0 234.0 42.0 798.0 2054.0 832.0 119.0 566.0 256.0 3362.0 1842.0 1825.0 1759.0 8287.0 7182.0 3253.0 21570.0 3965.0 3347.0 3251.0 2230.0 2465.0 3625.0 2079.0 4244.0 4574.0 6646.0 5889.0 37752.0 4794.0 3669.0 3281.0 1861.0 1750.0 1755.0 0.0 0.0 0.0 0.0 0.0 0.0 0.0 0.0 0.0 0.0 0.0 0.0 0.0 0.0 0.0 0.0 0.0 0.0 0.0 0.0 0.0 0.0 0.0 0.0 0.0 0.0 0.0 0.0 0.0 0.0 0.0 0.0
29.0 30.0 94.0 97.0 92.0 107.0 118.0 130.0 154.0 109.0 567.0 268.0 230.0 506.0 307.0 80.0 233.0 385.0 455.0 1483.0 454.0 7.0 366.0 3105.0 1843.0 2358.0 1421.0 7312.0 6804.0 1148.0 3015.0 21342.0 2992.0 3508.0 2383.0 3033.0 2769.0 1496.0 4149.0 4231.0 6085.0 5415.0 30000.0 11717.0 4764.0 3174.0 2037.0 1329.0 1710.0 0.0 0.0 0.0 0.0 0.0 0.0 0.0 0.0 0.0 0.0 0.0 0.0 0.0 0.0 0.0 0.0 0.0 0.0 0.0 0.0 0.0 0.0 0.0 0.0 0.0 0.0 0.0 0.0 0.0 0.0 0.0 0.0
0.0 29.0 30.0 94.0 97.0 92.0 107.0 118.0 130.0 154.0 109.0 410.0 432.0 387.0 663.0 621.0 80.0 579.0 43.0 1285.0 1139.0 410.0 234.0 3256.0 1749.0 2195.0 1787.0 6338.0 5677.0 1725.0 1429.0 2273.0 21203.0 4238.0 3019.0 1141.0 2914.0 1772.0 3387.0 4475.0 5047.0 4711.0 28594.0 8201.0 8821.0 4119.0 1637.0 1314.0 1695.0 0.0 0.0 0.0 0.0 0.0 0.0 0.0 0.0 0.0 0.0 0.0 0.0 0.0 0.0 0.0 0.0 0.0 0.0 0.0 0.0 0.0 0.0 0.0 0.0 0.0 0.0 0.0 0.0 0.0 0.0 0.0 0.0
28.0 0.0 29.0 30.0 94.0 97.0 92.0 107.0 118.0 130.0 154.0 109.0 246.0 275.0 394.0 513.0 621.0 426.0 233.0 42.0 269.0 1013.0 380.0 3209.0 1727.0 1949.0 1730.0 7017.0 5616.0 585.0 671.0 584.0 2455.0 21288.0 2217.0 1704.0 2720.0 1739.0 4258.0 3914.0 4253.0 3789.0 28726.0 6910.0 6998.0 5399.0 1614.0 1299.0 1695.0 0.0 0.0 0.0 0.0 0.0 0.0 0.0 0.0 0.0 0.0 0.0 0.0 0.0 0.0 0.0 0.0 0.0 0.0 0.0 0.0 0.0 0.0 0.0 0.0 0.0 0.0 0.0 0.0 0.0 0.0 0.0 0.0
5959.0 28.0 0.0 29.0 30.0 94.0 97.0 92.0 107.0 118.0 130.0 154.0 109.0 246.0 279.0 398.0 513.0 971.0 78.0 232.0 42.0 278.0 1904.0 2835.0 1579.0 2139.0 1504.0 6384.0 5646.0 825.0 491.0 1114.0 912.0 1515.0 20288.0 2687.0 2547.0 1840.0 4138.0 4472.0 3194.0 3054.0 28687.0 6256.0 6148.0 4418.0 2571.0 1294.0 1680.0 0.0 0.0 0.0 0.0 0.0 0.0 0.0 0.0 0.0 0.0 0.0 0.0 0.0 0.0 0.0 0.0 0.0 0.0 0.0 0.0 0.0 0.0 0.0 0.0 0.0 0.0 0.0 0.0 0.0 0.0 0.0 0.0
179.0 5959.0 28.0 0.0 29.0 30.0 94.0 97.0 92.0 107.0 118.0 130.0 154.0 109.0 78.0 111.0 398.0 869.0 617.0 78.0 228.0 46.0 663.0 3076.0 1794.0 1957.0 1903.0 6259.0 6139.0 1285.0 1142.0 1065.0 729.0 1077.0 1611.0 20266.0 2213.0 1653.0 2733.0 3835.0 3410.0 2131.0 27861.0 5463.0 5413.0 4151.0 2353.0 2018.0 1680.0 0.0 0.0 0.0 0.0 0.0 0.0 0.0 0.0 0.0 0.0 0.0 0.0 0.0 0.0 0.0 0.0 0.0 0.0 0.0 0.0 0.0 0.0 0.0 0.0 0.0 0.0 0.0 0.0 0.0 0.0 0.0 0.0
0.0 179.0 5959.0 4963.0 4958.0 4987.0 5008.0 5089.0 5154.0 5213.0 107.0 118.0 130.0 154.0 109.0 78.0 150.0 771.0 504.0 610.0 38.0 258.0 435.0 2778.0 1948.0 2244.0 1390.0 6519.0 6526.0 852.0 679.0 99.0 285.0 408.0 33.0 42.0 22448.0 5411.0 5668.0 6516.0 6460.0 5714.0 6844.0 24650.0 5629.0 5425.0 4092.0 2815.0 1905.0 0.0 0.0 0.0 0.0 0.0 0.0 0.0 0.0 0.0 0.0 0.0 0.0 0.0 0.0 0.0 0.0 0.0 0.0 0.0 0.0 0.0 0.0 0.0 0.0 0.0 0.0 0.0 0.0 0.0 0.0 0.0 0.0
0.0 0.0 179.0 1024.0 343.0 340.0 349.0 355.0 376.0 383.0 5213.0 107.0 118.0 130.0 154.0 109.0 126.0 516.0 424.0 492.0 563.0 61.0 649.0 2560.0 1880.0 2319.0 1872.0 6627.0 7135.0 807.0 210.0 391.0 514.0 139.0 141.0 516.0 3091.0 17971.0 3146.0 3505.0 4454.0 3517.0 3049.0 4095.0 22076.0 5275.0 4100.0 2501.0 3034.0 0.0 0.0 0.0 0.0 0.0 0.0 0.0 0.0 0.0 0.0 0.0 0.0 0.0 0.0 0.0 0.0 0.0 0.0 0.0 0.0 0.0 0.0 0.0 0.0 0.0 0.0 0.0 0.0 0.0 0.0 0.0 0.0
0.0 0.0 0.0 179.0 686.0 341.0 340.0 347.0 353.0 370.0 383.0 5213.0 107.0 118.0 130.0 154.0 153.0 499.0 187.0 404.0 441.0 581.0 448.0 2979.0 1500.0 2294.0 2282.0 7284.0 6258.0 211.0 378.0 514.0 139.0 141.0 510.0 805.0 3599.0 1254.0 16857.0 3367.0 3604.0 1972.0 3181.0 2828.0 5134.0 19151.0 4695.0 3459.0 4492.0 1058.0 0.0 0.0 0.0 0.0 0.0 0.0 0.0 0.0 0.0 0.0 0.0 0.0 0.0 0.0 0.0 0.0 0.0 0.0 0.0 0.0 0.0 0.0 0.0 0.0 0.0 0.0 0.0 0.0 0.0 0.0 0.0
0.0 0.0 0.0 0.0 179.0 348.0 170.0 170.0 175.0 180.0 370.0 383.0 5213.0 107.0 118.0 130.0 209.0 515.0 169.0 174.0 353.0 459.0 1755.0 2234.0 1996.0 2208.0 2290.0 7183.0 5740.0 551.0 680.0 308.0 310.0 655.0 924.0 931.0 4109.0 1448.0 1554.0 15409.0 2495.0 2424.0 3161.0 3503.0 4379.0 6231.0 16956.0 4620.0 5982.0 1701.0 2.0 0.0 0.0 0.0 0.0 0.0 0.0 0.0 0.0 0.0 0.0 0.0 0.0 0.0 0.0 0.0 0.0 0.0 0.0 0.0 0.0 0.0 0.0 0.0 0.0 0.0 0.0 0.0 0.0 0.0 0.0
0.0 0.0 0.0 0.0 0.0 179.0 179.0 0.0 0.0 4.0 180.0 370.0 383.0 5213.0 107.0 118.0 217.0 541.0 175.0 166.0 124.0 381.0 814.0 2808.0 1854.0 2605.0 2151.0 5784.0 6219.0 709.0 287.0 258.0 591.0 866.0 895.0 955.0 4670.0 1634.0 1263.0 235.0 12636.0 1758.0 1665.0 1639.0 2795.0 3478.0 5696.0 16011.0 6497.0 1721.0 647.0 1.0 0.0 0.0 0.0 0.0 0.0 0.0 0.0 0.0 0.0 0.0 0.0 0.0 0.0 0.0 0.0 0.0 0.0 0.0 0.0 0.0 0.0 0.0 0.0 0.0 0.0 0.0 0.0 0.0 0.0
0.0 0.0 0.0 0.0 0.0 0.0 179.0 179.0 0.0 0.0 4.0 180.0 370.0 383.0 5213.0 107.0 247.0 512.0 200.0 176.0 120.0 150.0 726.0 2453.0 2136.0 2481.0 1910.0 5672.0 5869.0 226.0 207.0 555.0 833.0 875.0 939.0 1086.0 5191.0 1262.0 280.0 265.0 293.0 11634.0 4034.0 4076.0 3854.0 4062.0 5312.0 8170.0 16619.0 2095.0 1074.0 643.0 1.0 0.0 0.0 0.0 0.0 0.0 0.0 0.0 0.0 0.0 0.0 0.0 0.0 0.0 0.0 0.0 0.0 0.0 0.0 0.0 0.0 0.0 0.0 0.0 0.0 0.0 0.0 0.0 0.0
0.0 0.0 0.0 0.0 0.0 0.0 0.0 179.0 179.0 0.0 0.0 4.0 180.0 370.0 383.0 5213.0 298.0 488.0 175.0 192.0 127.0 148.0 493.0 2089.0 2287.0 2216.0 1869.0 6535.0 4905.0 581.0 1092.0 1604.0 1880.0 2118.0 2421.0 2062.0 6719.0 1343.0 1293.0 1257.0 1219.0 1140.0 9541.0 9757.0 10228.0 10949.0 10636.0 10300.0 28204.0 383.0 1106.0 26.0 1058.0 0.0 0.0 0.0 0.0 0.0 0.0 0.0 0.0 0.0 0.0 0.0 0.0 0.0 0.0 0.0 0.0 0.0 0.0 0.0 0.0 0.0 0.0 0.0 0.0 0.0 0.0 0.0 0.0
0.0 0.0 0.0 0.0 0.0 0.0 0.0 0.0 179.0 179.0 0.0 0.0 4.0 180.0 370.0 383.0 5252.0 984.0 125.0 174.0 196.0 142.0 1477.0 106.0 2112.0 2469.0 1848.0 5001.0 4545.0 564.0 881.0 893.0 906.0 1040.0 531.0 838.0 4420.0 34.0 51.0 85.0 51.0 577.0 0.0 0.0 0.0 326.0 1626.0 4093.0 3804.0 25927.0 3598.0 2520.0 1071.0 11.0 0.0 0.0 0.0 0.0 0.0 0.0 0.0 0.0 0.0 0.0 0.0 0.0 0.0 0.0 0.0 0.0 0.0 0.0 0.0 0.0 0.0 0.0 0.0 0.0 0.0 0.0 0.0
