unicor_wind/u_5km.txt
ncols         201
nrows         169
xllcorner     -510611.31198849
yllcorner     -29945.202644741
cellsize      5000
NODATA_value  -9999
[rows 84 to 111 of 169, columns 63 to 125 of 201]
2.317914 2.317914 2.34661 2.34661 2.34661 2.34661 2.34661 2.34661 2.69564 2.69564 2.69564 2.69564 2.69564 2.69564 2.69564 2.584884 2.584884 2.584884 2.584884 2.584884 2.584884 2.454903 2.454903 2.454903 2.454903 2.454903 2.454903 2.454903 1.92222 1.92222 1.92222 1.92222 1.92222 1.92222 2.148008 2.148008 2.148008 2.148008 2.148008 2.148008 2.148008 2.311756 2.311756 2.311756 2.311756 2.311756 2.311756 2.757133 2.757133 2.757133 2.757133 2.757133 2.757133 2.757133 1.835487 1.835487 1.835487 1.835487 1.835487 1.835487 2.676929 2.676929 2.676929
2.317914 2.317914 2.34661 2.34661 2.34661 2.34661 2.34661 2.34661 2.69564 2.69564 2.69564 2.69564 2.69564 2.69564 2.69564 2.584884 2.584884 2.584884 2.584884 2.584884 2.584884 2.454903 2.454903 2.454903 2.454903 2.454903 2.454903 2.454903 1.92222 1.92222 1.92222 1.92222 1.92222 1.92222 2.148008 2.148008 2.148008 2.148008 2.148008 2.148008 2.148008 2.311756 2.311756 2.311756 2.311756 2.311756 2.311756 2.757133 2.757133 2.757133 2.757133 2.757133 2.757133 2.757133 1.835487 1.835487 1.835487 1.835487 1.835487 1.835487 2.676929 2.676929 2.676929
2.317914 2.317914 2.34661 2.34661 2.34661 2.34661 2.34661 2.34661 2.69564 2.69564 2.69564 2.69564 2.69564 2.69564 2.69564 2.584884 2.584884 2.584884 2.584884 2.584884 2.584884 2.454903 2.454903 2.454903 2.454903 2.454903 2.454903 2.454903 1.92222 1.92222 1.92222 1.92222 1.92222 1.92222 2.148008 2.148008 2.148008 2.148008 2.148008 2.148008 2.148008 2.311756 2.311756 2.311756 2.311756 2.311756 2.311756 2.757133 2.757133 2.757133 2.757133 2.757133 2.757133 2.757133 1.835487 1.835487 1.835487 1.835487 1.835487 1.835487 2.676929 2.676929 2.676929
2.317914 2.317914 2.34661 2.34661 2.34661 2.34661 2.34661 2.34661 2.69564 2.69564 2.69564 2.69564 2.69564 2.69564 2.69564 2.584884 2.584884 2.584884 2.584884 2.584884 2.584884 2.454903 2.454903 2.454903 2.454903 2.454903 2.454903 2.454903 1.92222 1.92222 1.92222 1.92222 1.92222 1.92222 2.148008 2.148008 2.148008 2.148008 2.148008 2.148008 2.148008 2.311756 2.311756 2.311756 2.311756 2.311756 2.311756 2.757133 2.757133 2.757133 2.757133 2.757133 2.757133 2.757133 1.835487 1.835487 1.835487 1.835487 1.835487 1.835487 2.676929 2.676929 2.676929
2.317914 2.317914 2.34661 2.34661 2.34661 2.34661 2.34661 2.34661 2.69564 2.69564 2.69564 2.69564 2.69564 2.69564 2.69564 2.584884 2.584884 2.584884 2.584884 2.584884 2.584884 2.454903 2.454903 2.454903 2.454903 2.454903 2.454903 2.454903 1.92222 1.92222 1.92222 1.92222 1.92222 1.92222 2.148008 2.148008 2.148008 2.148008 2.148008 2.148008 2.148008 2.311756 2.311756 2.311756 2.311756 2.311756 2.311756 2.757133 2.757133 2.757133 2.757133 2.757133 2.757133 2.757133 1.835487 1.835487 1.835487 1.835487 1.835487 1.835487 2.676929 2.676929 2.676929
2.317914 2.317914 2.34661 2.34661 2.34661 2.34661 2.34661 2.34661 2.69564 2.69564 2.69564 2.69564 2.69564 2.69564 2.69564 2.584884 2.584884 2.584884 2.584884 2.584884 2.584884 2.454903 2.454903 2.454903 2.454903 2.454903 2.454903 2.454903 1.92222 1.92222 1.92222 1.92222 1.92222 1.92222 2.148008 2.148008 2.148008 2.148008 2.148008 2.148008 2.148008 2.311756 2.311756 2.311756 2.311756 2.311756 2.311756 2.757133 2.757133 2.757133 2.757133 2.757133 2.757133 2.757133 1.835487 1.835487 1.835487 1.835487 1.835487 1.835487 2.676929 2.676929 2.676929
2.317914 2.317914 2.34661 2.34661 2.34661 2.34661 2.34661 2.34661 2.69564 2.69564 2.69564 2.69564 2.69564 2.69564 2.69564 2.584884 2.584884 2.584884 2.584884 2.584884 2.584884 2.454903 2.454903 2.454903 2.454903 2.454903 2.454903 2.454903 1.92222 1.92222 1.92222 1.92222 1.92222 1.92222 2.148008 2.148008 2.148008 2.148008 2.148008 2.148008 2.148008 2.311756 2.311756 2.311756 2.311756 2.311756 2.311756 2.757133 2.757133 2.757133 2.757133 2.757133 2.757133 2.757133 1.835487 1.835487 1.835487 1.835487 1.835487 1.835487 2.676929 2.676929 2.676929
1.050068 1.050068 1.520358 1.520358 1.520358 1.520358 1.520358 1.520358 1.867039 1.867039 1.867039 1.867039 1.867039 1.867039 1.867039 2.049362 2.049362 2.049362 2.049362 2.049362 2.049362 2.100386 2.100386 2.100386 2.100386 2.100386 2.100386 2.100386 2.129755 2.129755 2.129755 2.129755 2.129755 2.129755 2.310379 2.310379 2.310379 2.310379 2.310379 2.310379 2.310379 2.793019 2.793019 2.793019 2.793019 2.793019 2.793019 3.012568 3.012568 3.012568 3.012568 3.012568 3.012568 3.012568 3.225464 3.225464 3.225464 3.225464 3.225464 3.225464 2.400881 2.400881 2.400881
1.050068 1.050068 1.520358 1.520358 1.520358 1.520358 1.520358 1.520358 1.867039 1.867039 1.867039 1.867039 1.867039 1.867039 1.867039 2.049362 2.049362 2.049362 2.049362 2.049362 2.049362 2.100386 2.100386 2.100386 2.100386 2.100386 2.100386 2.100386 2.129755 2.129755 2.129755 2.129755 2.129755 2.129755 2.310379 2.310379 2.310379 2.310379 2.310379 2.310379 2.310379 2.793019 2.793019 2.793019 2.793019 2.793019 2.793019 3.012568 3.012568 3.012568 3.012568 3.012568 3.012568 3.012568 3.225464 3.225464 3.225464 3.225464 3.225464 3.225464 2.400881 2.400881 2.400881
1.050068 1.050068 1.520358 1.520358 1.520358 1.520358 1.520358 1.520358 1.867039 1.867039 1.867039 1.867039 1.867039 1.867039 1.867039 2.049362 2.049362 2.049362 2.049362 2.049362 2.049362 2.100386 2.100386 2.100386 2.100386 2.100386 2.100386 2.100386 2.129755 2.129755 2.129755 2.129755 2.129755 2.129755 2.310379 2.310379 2.310379 2.310379 2.310379 2.310379 2.310379 2.793019 2.793019 2.793019 2.793019 2.793019 2.793019 3.012568 3.012568 3.012568 3.012568 3.012568 3.012568 3.012568 3.225464 3.225464 3.225464 3.225464 3.225464 3.225464 2.400881 2.400881 2.400881
1.050068 1.050068 1.520358 1.520358 1.520358 1.520358 1.520358 1.520358 1.867039 1.867039 1.867039 1.867039 1.867039 1.867039 1.867039 2.049362 2.049362 2.049362 2.049362 2.049362 2.049362 2.100386 2.100386 2.100386 2.100386 2.100386 2.100386 2.100386 2.129755 2.129755 2.129755 2.129755 2.129755 2.129755 2.310379 2.310379 2.310379 2.310379 2.310379 2.310379 2.310379 2.793019 2.793019 2.793019 2.793019 2.793019 2.793019 3.012568 3.012568 3.012568 3.012568 3.012568 3.012568 3.012568 3.225464 3.225464 3.225464 3.225464 3.225464 3.225464 2.400881 2.400881 2.400881
1.050068 1.050068 1.520358 1.520358 1.520358 1.520358 1.520358 1.520358 1.867039 1.867039 1.867039 1.867039 1.867039 1.867039 1.867039 2.049362 2.049362 2.049362 2.049362 2.049362 2.049362 2.100386 2.100386 2.100386 2.100386 2.100386 2.100386 2.100386 2.129755 2.129755 2.129755 2.129755 2.129755 2.129755 2.310379 2.310379 2.310379 2.310379 2.310379 2.310379 2.310379 2.793019 2.793019 2.793019 2.793019 2.793019 2.793019 3.012568 3.012568 3.012568 3.012568 3.012568 3.012568 3.012568 3.225464 3.225464 3.225464 3.225464 3.225464 3.225464 2.400881 2.400881 2.400881
1.050068 1.050068 1.520358 1.520358 1.520358 1.520358 1.520358 1.520358 1.867039 1.867039 1.867039 1.867039 1.867039 1.867039 1.867039 2.049362 2.049362 2.049362 2.049362 2.049362 2.049362 2.100386 2.100386 2.100386 2.100386 2.100386 2.100386 2.100386 2.129755 2.129755 2.129755 2.129755 2.129755 2.129755 2.310379 2.310379 2.310379 2.310379 2.310379 2.310379 2.310379 2.793019 2.793019 2.793019 2.793019 2.793019 2.793019 3.012568 3.012568 3.012568 3.012568 3.012568 3.012568 3.012568 3.225464 3.225464 3.225464 3.225464 3.225464 3.225464 2.400881 2.400881 2.400881
1.555788 1.555788 1.691286 1.691286 1.691286 1.691286 1.691286 1.691286 2.273324 2.273324 2.273324 2.273324 2.273324 2.273324 2.273324 2.447568 2.447568 2.447568 2.447568 2.447568 2.447568 2.203045 2.203045 2.203045 2.203045 2.203045 2.203045 2.203045 1.897303 1.897303 1.897303 1.897303 1.897303 1.897303 1.952102 1.952102 1.952102 1.952102 1.952102 1.952102 1.952102 2.97773 2.97773 2.97773 2.97773 2.97773 2.97773 3.077357 3.077357 3.077357 3.077357 3.077357 3.077357 3.077357 3.249137 3.249137 3.249137 3.249137 3.249137 3.249137 1.813992 1.813992 1.813992
1.555788 1.555788 1.691286 1.691286 1.691286 1.691286 1.691286 1.691286 2.273324 2.273324 2.273324 2.273324 2.273324 2.273324 2.273324 2.447568 2.447568 2.447568 2.447568 2.447568 2.447568 2.203045 2.203045 2.203045 2.203045 2.203045 2.203045 2.203045 1.897303 1.897303 1.897303 1.897303 1.897303 1.897303 1.952102 1.952102 1.952102 1.952102 1.952102 1.952102 1.952102 2.97773 2.97773 2.97773 2.97773 2.97773 2.97773 3.077357 3.077357 3.077357 3.077357 3.077357 3.077357 3.077357 3.249137 3.249137 3.249137 3.249137 3.249137 3.249137 1.813992 1.813992 1.813992
1.555788 1.555788 1.691286 1.691286 1.691286 1.691286 1.691286 1.691286 2.273324 2.273324 2.273324 2.273324 2.273324 2.273324 2.273324 2.447568 2.447568 2.447568 2.447568 2.447568 2.447568 2.203045 2.203045 2.203045 2.203045 2.203045 2.203045 2.203045 1.897303 1.897303 1.897303 1.897303 1.897303 1.897303 1.952102 1.952102 1.952102 1.952102 1.952102 1.952102 1.952102 2.97773 2.97773 2.97773 2.97773 2.97773 2.97773 3.077357 3.077357 3.077357 3.077357 3.077357 3.077357 3.077357 3.249137 3.249137 3.249137 3.249137 3.249137 3.249137 1.813992 1.813992 1.813992
1.555788 1.555788 1.691286 1.691286 1.691286 1.691286 1.691286 1.691286 2.273324 2.273324 2.273324 2.273324 2.273324 2.273324 2.273324 2.447568 2.447568 2.447568 2.447568 2.447568 2.447568 2.203045 2.203045 2.203045 2.203045 2.203045 2.203045 2.203045 1.897303 1.897303 1.897303 1.897303 1.897303 1.897303 1.952102 1.952102 1.952102 1.952102 1.952102 1.952102 1.952102 2.97773 2.97773 2.97773 2.97773 2.97773 2.97773 3.077357 3.077357 3.077357 3.077357 3.077357 3.077357 3.077357 3.249137 3.249137 3.249137 3.249137 3.249137 3.249137 1.813992 1.813992 1.813992
1.555788 1.555788 1.691286 1.691286 1.691286 1.691286 1.691286 1.691286 2.273324 2.273324 2.273324 2.273324 2.273324 2.273324 2.273324 2.447568 2.447568 2.447568 2.447568 2.447568 2.447568 2.203045 2.203045 2.203045 2.203045 2.203045 2.203045 2.203045 1.897303 1.897303 1.897303 1.897303 1.897303 1.897303 1.952102 1.952102 1.952102 1.952102 1.952102 1.952102 1.952102 2.97773 2.97773 2.97773 2.97773 2.97773 2.97773 3.077357 3.077357 3.077357 3.077357 3.077357 3.077357 3.077357 3.249137 3.249137 3.249137 3.249137 3.249137 3.249137 1.813992 1.813992 1.813992
1.555788 1.555788 1.691286 1.691286 1.691286 1.691286 1.691286 1.691286 2.273324 2.273324 2.273324 2.273324 2.273324 2.273324 2.273324 2.447568 2.447568 2.447568 2.447568 2.447568 2.447568 2.203045 2.203045 2.203045 2.203045 2.203045 2.203045 2.203045 1.897303 1.897303 1.897303 1.897303 1.897303 1.897303 1.952102 1.952102 1.952102 1.952102 1.952102 1.952102 1.952102 2.97773 2.97773 2.97773 2.97773 2.97773 2.97773 3.077357 3.077357 3.077357 3.077357 3.077357 3.077357 3.077357 3.249137 3.249137 3.249137 3.249137 3.249137 3.249137 1.813992 1.813992 1.813992
1.555788 1.555788 1.691286 1.691286 1.691286 1.691286 1.691286 1.691286 2.273324 2.273324 2.273324 2.273324 2.273324 2.273324 2.273324 2.447568 2.447568 2.447568 2.447568 2.447568 2.447568 2.203045 2.203045 2.203045 2.203045 2.203045 2.203045 2.203045 1.897303 1.897303 1.897303 1.897303 1.897303 1.897303 1.952102 1.952102 1.952102 1.952102 1.952102 1.952102 1.952102 2.97773 2.97773 2.97773 2.97773 2.97773 2.97773 3.077357 3.077357 3.077357 3.077357 3.077357 3.077357 3.077357 3.249137 3.249137 3.249137 3.249137 3.249137 3.249137 1.813992 1.813992 1.813992
2.063577 2.063577 2.220509 2.220509 2.220509 2.220509 2.220509 2.220509 1.90605 1.90605 1.90605 1.90605 1.90605 1.90605 1.90605 1.685597 1.685597 1.685597 1.685597 1.685597 1.685597 1.528126 1.528126 1.528126 1.528126 1.528126 1.528126 1.528126 1.547604 1.547604 1.547604 1.547604 1.547604 1.547604 1.974099 1.974099 1.974099 1.974099 1.974099 1.974099 1.974099 2.882581 2.882581 2.882581 2.882581 2.882581 2.882581 2.847822 2.847822 2.847822 2.847822 2.847822 2.847822 2.847822 3.016851 3.016851 3.016851 3.016851 3.016851 3.016851 3.355481 3.355481 3.355481
2.063577 2.063577 2.220509 2.220509 2.220509 2.220509 2.220509 2.220509 1.90605 1.90605 1.90605 1.90605 1.90605 1.90605 1.90605 1.685597 1.685597 1.685597 1.685597 1.685597 1.685597 1.528126 1.528126 1.528126 1.528126 1.528126 1.528126 1.528126 1.547604 1.547604 1.547604 1.547604 1.547604 1.547604 1.974099 1.974099 1.974099 1.974099 1.974099 1.974099 1.974099 2.882581 2.882581 2.882581 2.882581 2.882581 2.882581 2.847822 2.847822 2.847822 2.847822 2.847822 2.847822 2.847822 3.016851 3.016851 3.016851 3.016851 3.016851 3.016851 3.355481 3.355481 3.355481
2.063577 2.063577 2.220509 2.220509 2.220509 2.220509 2.220509 2.220509 1.90605 1.90605 1.90605 1.90605 1.90605 1.90605 1.90605 1.685597 1.685597 1.685597 1.685597 1.685597 1.685597 1.528126 1.528126 1.528126 1.528126 1.528126 1.528126 1.528126 1.547604 1.547604 1.547604 1.547604 1.547604 1.547604 1.974099 1.974099 1.974099 1.974099 1.974099 1.974099 1.974099 2.882581 2.882581 2.882581 2.882581 2.882581 2.882581 2.847822 2.847822 2.847822 2.847822 2.847822 2.847822 2.847822 3.016851 3.016851 3.016851 3.016851 3.016851 3.016851 3.355481 3.355481 3.355481
2.063577 2.063577 2.220509 2.220509 2.220509 2.220509 2.220509 2.220509 1.90605 1.90605 1.90605 1.90605 1.90605 1.90605 1.90605 1.685597 1.685597 1.685597 1.685597 1.685597 1.685597 1.528126 1.528126 1.528126 1.528126 1.528126 1.528126 1.528126 1.547604 1.547604 1.547604 1.547604 1.547604 1.547604 1.974099 1.974099 1.974099 1.974099 1.974099 1.974099 1.974099 2.882581 2.882581 2.882581 2.882581 2.882581 2.882581 2.847822 2.847822 2.847822 2.847822 2.847822 2.847822 2.847822 3.016851 3.016851 3.016851 3.016851 3.016851 3.016851 3.355481 3.355481 3.355481
2.063577 2.063577 2.220509 2.220509 2.220509 2.220509 2.220509 2.220509 1.90605 1.90605 1.90605 1.90605 1.90605 1.90605 1.90605 1.685597 1.685597 1.685597 1.685597 1.685597 1.685597 1.528126 1.528126 1.528126 1.528126 1.528126 1.528126 1.528126 1.547604 1.547604 1.547604 1.547604 1.547604 1.547604 1.974099 1.974099 1.974099 1.974099 1.974099 1.974099 1.974099 2.882581 2.882581 2.882581 2.882581 2.882581 2.882581 2.847822 2.847822 2.847822 2.847822 2.847822 2.847822 2.847822 3.016851 3.016851 3.016851 3.016851 3.016851 3.016851 3.355481 3.355481 3.355481
2.063577 2.063577 2.220509 2.220509 2.220509 2.220509 2.220509 2.220509 1.90605 1.90605 1.90605 1.90605 1.90605 1.90605 1.90605 1.685597 1.685597 1.685597 1.685597 1.685597 1.685597 1.528126 1.528126 1.528126 1.528126 1.528126 1.528126 1.528126 1.547604 1.547604 1.547604 1.547604 1.547604 1.547604 1.974099 1.974099 1.974099 1.974099 1.974099 1.974099 1.974099 2.882581 2.882581 2.882581 2.882581 2.882581 2.882581 2.847822 2.847822 2.847822 2.847822 2.847822 2.847822 2.847822 3.016851 3.016851 3.016851 3.016851 3.016851 3.016851 3.355481 3.355481 3.355481
1.866987 1.866987 1.456545 1.456545 1.456545 1.456545 1.456545 1.456545 1.221383 1.221383 1.221383 1.221383 1.221383 1.221383 1.221383 1.502469 1.502469 1.502469 1.502469 1.502469 1.502469 1.118699 1.118699 1.118699 1.118699 1.118699 1.118699 1.118699 1.264221 1.264221 1.264221 1.264221 1.264221 1.264221 1.665002 1.665002 1.665002 1.665002 1.665002 1.665002 1.665002 2.779734 2.779734 2.779734 2.779734 2.779734 2.779734 2.940597 2.940597 2.940597 2.940597 2.940597 2.940597 2.940597 3.29703 3.29703 3.29703 3.29703 3.29703 3.29703 3.681391 3.681391 3.681391
1.866987 1.866987 1.456545 1.456545 1.456545 1.456545 1.456545 1.456545 1.221383 1.221383 1.221383 1.221383 1.221383 1.221383 1.221383 1.502469 1.502469 1.502469 1.502469 1.502469 1.502469 1.118699 1.118699 1.118699 1.118699 1.118699 1.118699 1.118699 1.264221 1.264221 1.264221 1.264221 1.264221 1.264221 1.665002 1.665002 1.665002 1.665002 1.665002 1.665002 1.665002 2.779734 2.779734 2.779734 2.779734 2.779734 2.779734 2.940597 2.940597 2.940597 2.940597 2.940597 2.940597 2.940597 3.29703 3.29703 3.29703 3.29703 3.29703 3.29703 3.681391 3.681391 3.681391
