unicor_wind/u_5km.txt_ones_5km.txt_XY_WBP.csv_asymmetric_WindCost_FROM_.addedpaths.txt
ncols 201
nrows 169
xllcorner -510611.31198849
yllcorner -29945.202644741
cellsize 5000
NODATA_value -9999
[rows 108 to 143 of 169, columns 81 to 161 of 201]
1837.0 2227.0 1744.0 1745.0 1749.0 1819.0 1738.0 1909.0 2017.0 2525.0 2441.0 2153.0 2457.0 1858.0 2046.0 2231.0 2415.0 2157.0 2076.0 2409.0 18382.0 13924.0 3187.0 6901.0 4831.0 4377.0 4861.0 11269.0 13860.0 5841.0 4058.0 5127.0 5550.0 4873.0 11969.0 4261.0 17675.0 5556.0 4625.0 3783.0 2674.0 3090.0 46695.0 1838.0 2475.0 2325.0 1919.0 955.0 298.0 0.0 0.0 0.0 0.0 0.0 0.0 0.0 0.0 0.0 0.0 0.0 0.0 0.0 0.0 0.0 0.0 0.0 0.0 0.0 0.0 0.0 0.0 0.0 0.0 0.0 0.0 0.0 0.0 0.0 0.0 0.0 0.0
26498.0 26336.0 26813.0 20650.0 20684.0 20688.0 20758.0 20677.0 20848.0 20956.0 21401.0 20939.0 20409.0 20567.0 19773.0 19813.0 20190.0 19159.0 18974.0 18600.0 18622.0 34116.0 28702.0 19248.0 17221.0 17734.0 16866.0 17254.0 24292.0 17552.0 5328.0 5825.0 6441.0 6562.0 7304.0 12421.0 16842.0 5121.0 5229.0 4324.0 2917.0 1533.0 47369.0 2920.0 2143.0 2639.0 1864.0 1300.0 298.0 0.0 0.0 0.0 0.0 0.0 0.0 0.0 0.0 0.0 0.0 0.0 0.0 0.0 0.0 0.0 0.0 0.0 0.0 0.0 0.0 0.0 0.0 0.0 0.0 0.0 0.0 0.0 0.0 0.0 0.0 0.0 0.0
54.0 228.0 66.0 6256.0 60.0 94.0 98.0 168.0 87.0 258.0 429.0 1252.0 1032.0 648.0 1001.0 347.0 915.0 979.0 665.0 849.0 808.0 1321.0 17090.0 13945.0 2076.0 2150.0 3423.0 2895.0 3711.0 25518.0 23856.0 23533.0 22421.0 22282.0 23137.0 20300.0 32350.0 15745.0 15024.0 12657.0 9603.0 6008.0 50477.0 5007.0 4140.0 3062.0 2791.0 1593.0 825.0 0.0 0.0 0.0 0.0 0.0 0.0 0.0 0.0 0.0 0.0 0.0 0.0 0.0 0.0 0.0 0.0 0.0 0.0 0.0 0.0 0.0 0.0 0.0 0.0 0.0 0.0 0.0 0.0 0.0 0.0 0.0 0.0
174.0 54.0 228.0 66.0 6256.0 60.0 94.0 98.0 168.0 87.0 258.0 429.0 1252.0 1032.0 648.0 1001.0 766.0 509.0 969.0 662.0 849.0 808.0 1321.0 23429.0 8190.0 1784.0 2018.0 3765.0 3074.0 9573.0 9527.0 5445.0 6288.0 5329.0 7399.0 7170.0 25518.0 11045.0 6485.0 7360.0 5506.0 3863.0 49217.0 4286.0 3210.0 2582.0 2086.0 2104.0 989.0 1058.0 0.0 0.0 0.0 0.0 0.0 0.0 0.0 0.0 0.0 0.0 0.0 0.0 0.0 0.0 0.0 0.0 0.0 0.0 0.0 0.0 0.0 0.0 0.0 0.0 0.0 0.0 0.0 0.0 0.0 0.0 0.0
324.0 174.0 54.0 228.0 66.0 6256.0 60.0 94.0 98.0 168.0 87.0 258.0 429.0 1252.0 1032.0 648.0 1438.0 342.0 500.0 965.0 662.0 849.0 808.0 9565.0 15751.0 7898.0 1669.0 2360.0 4548.0 8860.0 4444.0 8772.0 5815.0 7074.0 6126.0 5832.0 18924.0 15552.0 10162.0 6135.0 6203.0 4572.0 49094.0 5802.0 3400.0 3204.0 2163.0 1697.0 2377.0 1059.0 0.0 0.0 0.0 0.0 0.0 0.0 0.0 0.0 0.0 0.0 0.0 0.0 0.0 0.0 0.0 0.0 0.0 0.0 0.0 0.0 0.0 0.0 0.0 0.0 0.0 0.0 0.0 0.0 0.0 0.0 0.0
312.0 333.0 183.0 63.0 237.0 75.0 6265.0 69.0 103.0 107.0 177.0 96.0 267.0 438.0 1261.0 1041.0 1158.0 959.0 342.0 506.0 973.0 671.0 858.0 8507.0 2452.0 15460.0 7772.0 2189.0 2967.0 9089.0 3891.0 5224.0 9065.0 6942.0 6368.0 4797.0 18393.0 8329.0 15113.0 9835.0 5605.0 4988.0 48650.0 6242.0 4769.0 3436.0 3278.0 2346.0 2251.0 1058.0 0.0 0.0 0.0 0.0 0.0 0.0 0.0 0.0 0.0 0.0 0.0 0.0 0.0 0.0 0.0 0.0 0.0 0.0 0.0 0.0 0.0 0.0 0.0 0.0 0.0 0.0 0.0 0.0 0.0 0.0 0.0
345.0 611.0 632.0 482.0 362.0 536.0 374.0 6564.0 368.0 402.0 406.0 476.0 395.0 566.0 737.0 1560.0 1858.0 952.0 1249.0 638.0 804.0 1272.0 970.0 7646.0 2884.0 2489.0 15857.0 8478.0 2330.0 7164.0 5404.0 6010.0 6989.0 7405.0 6034.0 5179.0 16883.0 8207.0 7879.0 14081.0 8515.0 4129.0 48601.0 5448.0 5142.0 5060.0 3641.0 2317.0 1498.0 0.0 0.0 0.0 0.0 0.0 0.0 0.0 0.0 0.0 0.0 0.0 0.0 0.0 0.0 0.0 0.0 0.0 0.0 0.0 0.0 0.0 0.0 0.0 0.0 0.0 0.0 0.0 0.0 0.0 0.0 0.0 0.0
213.0 197.0 463.0 484.0 334.0 214.0 388.0 226.0 6416.0 220.0 254.0 258.0 328.0 247.0 418.0 589.0 1964.0 1171.0 795.0 1098.0 489.0 656.0 1124.0 7393.0 1472.0 2823.0 2207.0 15990.0 8317.0 7068.0 4731.0 8308.0 4399.0 5749.0 7346.0 4701.0 17225.0 5888.0 6786.0 7901.0 12724.0 7335.0 47070.0 5417.0 5348.0 4840.0 4517.0 1948.0 1320.0 0.0 0.0 0.0 0.0 0.0 0.0 0.0 0.0 0.0 0.0 0.0 0.0 0.0 0.0 0.0 0.0 0.0 0.0 0.0 0.0 0.0 0.0 0.0 0.0 0.0 0.0 0.0 0.0 0.0 0.0 0.0 0.0
5063.0 5036.0 5011.0 5277.0 5408.0 5202.0 5069.0 5243.0 5065.0 11255.0 1677.0 1711.0 1715.0 1785.0 1704.0 1875.0 2632.0 2847.0 2620.0 2249.0 2554.0 1946.0 2113.0 9396.0 4264.0 3571.0 4874.0 5167.0 18906.0 16031.0 8497.0 5974.0 7752.0 7425.0 7839.0 7851.0 17406.0 6997.0 5782.0 7376.0 6922.0 11811.0 49900.0 5818.0 5731.0 5037.0 3861.0 2993.0 2315.0 0.0 0.0 0.0 0.0 0.0 0.0 0.0 0.0 0.0 0.0 0.0 0.0 0.0 0.0 0.0 0.0 0.0 0.0 0.0 0.0 0.0 0.0 0.0 0.0 0.0 0.0 0.0 0.0 0.0 0.0 0.0 0.0
970.0 781.0 763.0 738.0 894.0 1081.0 888.0 755.0 945.0 767.0 10339.0 1896.0 1930.0 1934.0 2004.0 1923.0 2683.0 2265.0 3023.0 2775.0 2330.0 2555.0 1910.0 7208.0 3555.0 2475.0 1780.0 4009.0 4999.0 25278.0 7795.0 3011.0 3081.0 5459.0 3256.0 4193.0 16698.0 8441.0 7986.0 8408.0 8354.0 7897.0 55651.0 16376.0 13603.0 10430.0 6874.0 4814.0 3347.0 0.0 0.0 0.0 0.0 0.0 0.0 0.0 0.0 0.0 0.0 0.0 0.0 0.0 0.0 0.0 0.0 0.0 0.0 0.0 0.0 0.0 0.0 0.0 0.0 0.0 0.0 0.0 0.0 0.0 0.0 0.0 0.0
728.0 687.0 498.0 480.0 455.0 611.0 798.0 605.0 472.0 662.0 484.0 8921.0 478.0 512.0 516.0 586.0 1097.0 696.0 874.0 1666.0 1496.0 1133.0 1395.0 6387.0 2826.0 2278.0 1640.0 4390.0 2795.0 12563.0 15803.0 7042.0 3255.0 3530.0 3964.0 3337.0 15484.0 6526.0 6823.0 6095.0 5131.0 5451.0 45724.0 9609.0 9021.0 7967.0 6879.0 5398.0 2855.0 1332.0 0.0 0.0 0.0 0.0 0.0 0.0 0.0 0.0 0.0 0.0 0.0 0.0 0.0 0.0 0.0 0.0 0.0 0.0 0.0 0.0 0.0 0.0 0.0 0.0 0.0 0.0 0.0 0.0 0.0 0.0 0.0
955.0 1061.0 1020.0 831.0 813.0 788.0 944.0 1131.0 938.0 805.0 995.0 817.0 9254.0 811.0 845.0 849.0 1499.0 863.0 1019.0 1206.0 2001.0 1840.0 1487.0 7686.0 2880.0 3119.0 3271.0 4012.0 3256.0 11579.0 3956.0 15687.0 7629.0 4564.0 3775.0 4458.0 13989.0 8414.0 7463.0 6816.0 4816.0 3939.0 42750.0 9210.0 9376.0 8815.0 7865.0 5279.0 3576.0 1078.0 289.0 0.0 0.0 0.0 0.0 0.0 0.0 0.0 0.0 0.0 0.0 0.0 0.0 0.0 0.0 0.0 0.0 0.0 0.0 0.0 0.0 0.0 0.0 0.0 0.0 0.0 0.0 0.0 0.0 0.0 0.0
469.0 570.0 676.0 635.0 446.0 428.0 403.0 559.0 746.0 553.0 420.0 610.0 432.0 8869.0 426.0 460.0 1042.0 543.0 466.0 625.0 821.0 1618.0 2261.0 7425.0 4121.0 3225.0 1936.0 4179.0 2877.0 10949.0 3728.0 3342.0 15502.0 7675.0 2887.0 2271.0 13846.0 7181.0 7222.0 5712.0 4267.0 4497.0 40602.0 8501.0 8810.0 9423.0 6687.0 5170.0 4535.0 1688.0 16.0 303.0 0.0 0.0 0.0 0.0 0.0 0.0 0.0 0.0 0.0 0.0 0.0 0.0 0.0 0.0 0.0 0.0 0.0 0.0 0.0 0.0 0.0 0.0 0.0 0.0 0.0 0.0 0.0 0.0 0.0
76.0 103.0 204.0 310.0 269.0 80.0 62.0 37.0 193.0 380.0 187.0 54.0 244.0 66.0 8503.0 60.0 691.0 89.0 174.0 101.0 261.0 470.0 1281.0 6795.0 4116.0 2485.0 1245.0 3126.0 2740.0 10419.0 3318.0 2871.0 3043.0 15627.0 6944.0 2240.0 13791.0 7233.0 7153.0 4340.0 4041.0 4075.0 38907.0 8486.0 9402.0 7259.0 6159.0 5812.0 4541.0 2936.0 1982.0 605.0 1058.0 0.0 0.0 0.0 0.0 0.0 0.0 0.0 0.0 0.0 0.0 0.0 0.0 0.0 0.0 0.0 0.0 0.0 0.0 0.0 0.0 0.0 0.0 0.0 0.0 0.0 0.0 0.0 0.0
9582.0 9555.0 9582.0 204.0 310.0 269.0 80.0 62.0 37.0 193.0 380.0 187.0 54.0 244.0 66.0 8503.0 642.0 118.0 81.0 181.0 124.0 289.0 1414.0 14213.0 9809.0 8674.0 8721.0 9899.0 8830.0 16880.0 9176.0 8959.0 9522.0 10294.0 22317.0 14874.0 16494.0 11133.0 9940.0 9078.0 8805.0 8797.0 35900.0 12865.0 8094.0 6854.0 7108.0 5564.0 5462.0 2884.0 2071.0 1206.0 1.0 0.0 0.0 0.0 0.0 0.0 0.0 0.0 0.0 0.0 0.0 0.0 0.0 0.0 0.0 0.0 0.0 0.0 0.0 0.0 0.0 0.0 0.0 0.0 0.0 0.0 0.0 0.0 0.0
5191.0 5154.0 5127.0 14633.0 14734.0 14839.0 14796.0 14603.0 14585.0 14559.0 14715.0 14895.0 14678.0 14542.0 14732.0 14543.0 23506.0 22597.0 22052.0 21582.0 21304.0 20354.0 20905.0 18039.0 7799.0 6269.0 5210.0 7358.0 6235.0 11144.0 5038.0 4044.0 4544.0 4725.0 4892.0 15172.0 17338.0 1974.0 3980.0 3550.0 1972.0 3758.0 34222.0 5276.0 5587.0 5917.0 3459.0 4381.0 3634.0 3014.0 1828.0 1058.0 0.0 0.0 0.0 0.0 0.0 0.0 0.0 0.0 0.0 0.0 0.0 0.0 0.0 0.0 0.0 0.0 0.0 0.0 0.0 0.0 0.0 0.0 0.0 0.0 0.0 0.0 0.0 0.0 0.0
221.0 222.0 185.0 158.0 185.0 287.0 394.0 355.0 162.0 145.0 119.0 282.0 486.0 272.0 136.0 337.0 774.0 500.0 758.0 644.0 531.0 1904.0 1987.0 7146.0 10130.0 3735.0 2097.0 3647.0 2825.0 8562.0 2872.0 3595.0 2897.0 4915.0 3411.0 3615.0 23454.0 6657.0 3348.0 2095.0 2756.0 1968.0 34284.0 4300.0 5663.0 5050.0 2155.0 3227.0 3375.0 2363.0 1221.0 1.0 0.0 0.0 0.0 0.0 0.0 0.0 0.0 0.0 0.0 0.0 0.0 0.0 0.0 0.0 0.0 0.0 0.0 0.0 0.0 0.0 0.0 0.0 0.0 0.0 0.0 0.0 0.0 0.0 0.0
185.0 182.0 183.0 146.0 119.0 146.0 248.0 355.0 316.0 123.0 106.0 80.0 243.0 447.0 233.0 97.0 915.0 103.0 446.0 705.0 588.0 484.0 1316.0 5846.0 3888.0 9792.0 2492.0 3359.0 2313.0 9213.0 2178.0 1995.0 4263.0 3590.0 2575.0 1626.0 14736.0 11822.0 6993.0 2422.0 2403.0 1941.0 34484.0 4401.0 5682.0 5071.0 2120.0 2343.0 2207.0 1415.0 1058.0 0.0 0.0 0.0 0.0 0.0 0.0 0.0 0.0 0.0 0.0 0.0 0.0 0.0 0.0 0.0 0.0 0.0 0.0 0.0 0.0 0.0 0.0 0.0 0.0 0.0 0.0 0.0 0.0 0.0 0.0
99.0 176.0 173.0 174.0 137.0 110.0 137.0 239.0 346.0 307.0 114.0 97.0 71.0 234.0 438.0 224.0 779.0 219.0 87.0 436.0 696.0 1376.0 1522.0 5568.0 2236.0 2745.0 8558.0 4029.0 2674.0 9305.0 2877.0 2388.0 3029.0 4386.0 1696.0 2291.0 12214.0 3419.0 12801.0 7089.0 1914.0 928.0 35576.0 4372.0 5641.0 4978.0 2094.0 2301.0 2569.0 176.0 0.0 0.0 0.0 0.0 0.0 0.0 0.0 0.0 0.0 0.0 0.0 0.0 0.0 0.0 0.0 0.0 0.0 0.0 0.0 0.0 0.0 0.0 0.0 0.0 0.0 0.0 0.0 0.0 0.0 0.0 0.0
143.0 116.0 193.0 190.0 191.0 154.0 127.0 154.0 256.0 363.0 324.0 131.0 114.0 88.0 251.0 455.0 972.0 71.0 232.0 100.0 452.0 1826.0 1462.0 4808.0 2351.0 1602.0 1781.0 10916.0 3787.0 10169.0 2972.0 2817.0 2530.0 2311.0 2548.0 1680.0 11323.0 3654.0 4534.0 12142.0 5892.0 1253.0 35826.0 4359.0 5588.0 4994.0 2106.0 2352.0 2589.0 0.0 0.0 0.0 0.0 0.0 0.0 0.0 0.0 0.0 0.0 0.0 0.0 0.0 0.0 0.0 0.0 0.0 0.0 0.0 0.0 0.0 0.0 0.0 0.0 0.0 0.0 0.0 0.0 0.0 0.0 0.0 0.0
116.0 92.0 65.0 142.0 139.0 140.0 103.0 76.0 103.0 205.0 312.0 273.0 80.0 63.0 37.0 200.0 1086.0 245.0 16.0 184.0 378.0 409.0 1263.0 3480.0 1112.0 1660.0 706.0 3501.0 10643.0 11254.0 3226.0 2677.0 2399.0 3030.0 1416.0 1892.0 9933.0 3344.0 3930.0 3189.0 11770.0 5788.0 35904.0 4323.0 5610.0 5012.0 2147.0 2333.0 2447.0 0.0 0.0 0.0 0.0 0.0 0.0 0.0 0.0 0.0 0.0 0.0 0.0 0.0 0.0 0.0 0.0 0.0 0.0 0.0 0.0 0.0 0.0 0.0 0.0 0.0 0.0 0.0 0.0 0.0 0.0 0.0 0.0
117.0 116.0 92.0 65.0 142.0 139.0 140.0 103.0 76.0 103.0 7684.0 7791.0 7752.0 7559.0 7542.0 7516.0 8187.0 8060.0 7731.0 8099.0 7943.0 7812.0 8673.0 10351.0 8405.0 8402.0 8263.0 10042.0 9782.0 24412.0 4312.0 2730.0 2913.0 3501.0 2057.0 1783.0 10300.0 2793.0 3129.0 3715.0 3708.0 11382.0 40731.0 4355.0 5641.0 5021.0 2118.0 2284.0 2367.0 0.0 0.0 0.0 0.0 0.0 0.0 0.0 0.0 0.0 0.0 0.0 0.0 0.0 0.0 0.0 0.0 0.0 0.0 0.0 0.0 0.0 0.0 0.0 0.0 0.0 0.0 0.0 0.0 0.0 0.0 0.0 0.0
7793.0 7875.0 7874.0 7850.0 7823.0 7900.0 7897.0 7898.0 7861.0 7834.0 382.0 484.0 591.0 552.0 359.0 342.0 784.0 516.0 1429.0 269.0 22.0 721.0 68.0 3041.0 1053.0 813.0 625.0 3912.0 1940.0 10905.0 16548.0 4065.0 3517.0 3528.0 2553.0 2846.0 7563.0 2001.0 3048.0 2983.0 3459.0 2982.0 49286.0 5940.0 5652.0 5018.0 2042.0 2505.0 2071.0 0.0 0.0 0.0 0.0 0.0 0.0 0.0 0.0 0.0 0.0 0.0 0.0 0.0 0.0 0.0 0.0 0.0 0.0 0.0 0.0 0.0 0.0 0.0 0.0 0.0 0.0 0.0 0.0 0.0 0.0 0.0 0.0
29.0 35.0 117.0 116.0 92.0 65.0 142.0 139.0 140.0 103.0 76.0 103.0 205.0 312.0 273.0 80.0 556.0 63.0 342.0 504.0 667.0 10.0 193.0 3010.0 832.0 1308.0 112.0 3078.0 1650.0 8800.0 3141.0 15876.0 2520.0 3267.0 2865.0 2940.0 6438.0 1609.0 3198.0 2360.0 3264.0 3366.0 47565.0 5250.0 6679.0 4932.0 2381.0 2198.0 1932.0 0.0 0.0 0.0 0.0 0.0 0.0 0.0 0.0 0.0 0.0 0.0 0.0 0.0 0.0 0.0 0.0 0.0 0.0 0.0 0.0 0.0 0.0 0.0 0.0 0.0 0.0 0.0 0.0 0.0 0.0 0.0 0.0
0.0 29.0 35.0 117.0 116.0 92.0 65.0 142.0 139.0 140.0 103.0 76.0 103.0 205.0 312.0 273.0 573.0 107.0 59.0 1164.0 544.0 300.0 184.0 3175.0 1272.0 960.0 484.0 2199.0 548.0 9146.0 1464.0 2390.0 15754.0 4234.0 2398.0 974.0 6848.0 2145.0 1993.0 2468.0 2911.0 3188.0 44481.0 6121.0 6730.0 5951.0 2004.0 2213.0 1753.0 0.0 0.0 0.0 0.0 0.0 0.0 0.0 0.0 0.0 0.0 0.0 0.0 0.0 0.0 0.0 0.0 0.0 0.0 0.0 0.0 0.0 0.0 0.0 0.0 0.0 0.0 0.0 0.0 0.0 0.0 0.0 0.0
1199.0 0.0 29.0 35.0 117.0 116.0 92.0 65.0 142.0 139.0 140.0 103.0 76.0 103.0 205.0 312.0 818.0 72.0 105.0 77.0 94.0 392.0 155.0 3037.0 1027.0 893.0 168.0 2888.0 606.0 7877.0 721.0 815.0 3034.0 15719.0 1466.0 1635.0 5993.0 1664.0 2591.0 1765.0 2725.0 2417.0 42722.0 5561.0 7078.0 5571.0 2052.0 1997.0 1726.0 0.0 0.0 0.0 0.0 0.0 0.0 0.0 0.0 0.0 0.0 0.0 0.0 0.0 0.0 0.0 0.0 0.0 0.0 0.0 0.0 0.0 0.0 0.0 0.0 0.0 0.0 0.0 0.0 0.0 0.0 0.0 0.0
40.0 1199.0 0.0 29.0 35.0 117.0 116.0 92.0 65.0 142.0 139.0 140.0 103.0 76.0 103.0 205.0 935.0 239.0 70.0 123.0 21.0 96.0 1218.0 2679.0 865.0 1215.0 325.0 2356.0 237.0 8230.0 644.0 1577.0 656.0 1363.0 15690.0 2595.0 4714.0 1115.0 2361.0 2307.0 1274.0 2591.0 40324.0 5958.0 6017.0 5610.0 2152.0 1998.0 1690.0 0.0 0.0 0.0 0.0 0.0 0.0 0.0 0.0 0.0 0.0 0.0 0.0 0.0 0.0 0.0 0.0 0.0 0.0 0.0 0.0 0.0 0.0 0.0 0.0 0.0 0.0 0.0 0.0 0.0 0.0 0.0 0.0
30.0 40.0 1199.0 0.0 29.0 35.0 117.0 116.0 92.0 65.0 142.0 139.0 140.0 103.0 76.0 103.0 936.0 248.0 237.0 88.0 68.0 17.0 114.0 2595.0 909.0 750.0 812.0 2014.0 599.0 8074.0 1663.0 406.0 89.0 732.0 1116.0 14330.0 4838.0 1199.0 1189.0 2171.0 2057.0 914.0 38886.0 4546.0 6127.0 4875.0 2440.0 2674.0 1626.0 0.0 0.0 0.0 0.0 0.0 0.0 0.0 0.0 0.0 0.0 0.0 0.0 0.0 0.0 0.0 0.0 0.0 0.0 0.0 0.0 0.0 0.0 0.0 0.0 0.0 0.0 0.0 0.0 0.0 0.0 0.0 0.0
1090.0 1108.0 1118.0 2296.0 2260.0 2289.0 2321.0 2414.0 2464.0 2463.0 1358.0 1435.0 1432.0 1433.0 1396.0 1369.0 2208.0 1461.0 1507.0 1347.0 784.0 819.0 768.0 3219.0 1483.0 1513.0 122.0 2582.0 619.0 9307.0 438.0 55.0 614.0 888.0 24.0 142.0 18400.0 8060.0 7257.0 6957.0 4997.0 8004.0 34475.0 5756.0 6307.0 5534.0 3229.0 2666.0 1590.0 0.0 0.0 0.0 0.0 0.0 0.0 0.0 0.0 0.0 0.0 0.0 0.0 0.0 0.0 0.0 0.0 0.0 0.0 0.0 0.0 0.0 0.0 0.0 0.0 0.0 0.0 0.0 0.0 0.0 0.0 0.0 0.0
21.0 12.0 30.0 21.0 36.0 34.0 37.0 58.0 99.0 124.0 1199.0 65.0 142.0 139.0 140.0 103.0 915.0 120.0 187.0 438.0 547.0 33.0 112.0 2428.0 1506.0 1280.0 677.0 2377.0 2751.0 7630.0 221.0 733.0 1010.0 156.0 258.0 429.0 4208.0 8483.0 2088.0 2007.0 6627.0 4514.0 11116.0 21238.0 3622.0 6104.0 3779.0 1704.0 2237.0 0.0 0.0 0.0 0.0 0.0 0.0 0.0 0.0 0.0 0.0 0.0 0.0 0.0 0.0 0.0 0.0 0.0 0.0 0.0 0.0 0.0 0.0 0.0 0.0 0.0 0.0 0.0 0.0 0.0 0.0 0.0 0.0
30.0 21.0 12.0 30.0 21.0 2.0 0.0 3.0 25.0 72.0 97.0 1199.0 65.0 142.0 139.0 140.0 889.0 173.0 108.0 211.0 384.0 550.0 55.0 2928.0 810.0 1438.0 906.0 3914.0 738.0 7239.0 810.0 1041.0 194.0 295.0 451.0 600.0 4005.0 810.0 8192.0 5586.0 3052.0 4402.0 6568.0 5015.0 21951.0 2750.0 5110.0 2971.0 2496.0 1058.0 0.0 0.0 0.0 0.0 0.0 0.0 0.0 0.0 0.0 0.0 0.0 0.0 0.0 0.0 0.0 0.0 0.0 0.0 0.0 0.0 0.0 0.0 0.0 0.0 0.0 0.0 0.0 0.0 0.0 0.0 0.0
28.0 30.0 21.0 12.0 30.0 21.0 2.0 0.0 3.0 24.0 72.0 97.0 1199.0 65.0 142.0 139.0 900.0 173.0 161.0 132.0 164.0 375.0 1387.0 2303.0 1405.0 1294.0 1542.0 2915.0 434.0 7915.0 1210.0 280.0 370.0 510.0 669.0 694.0 3843.0 790.0 4559.0 8665.0 4187.0 1272.0 2656.0 6129.0 5715.0 22245.0 2736.0 4685.0 3921.0 1061.0 0.0 0.0 0.0 0.0 0.0 0.0 0.0 0.0 0.0 0.0 0.0 0.0 0.0 0.0 0.0 0.0 0.0 0.0 0.0 0.0 0.0 0.0 0.0 0.0 0.0 0.0 0.0 0.0 0.0 0.0 0.0
0.0 28.0 30.0 21.0 12.0 30.0 21.0 2.0 2.0 2.0 24.0 72.0 97.0 1199.0 65.0 142.0 890.0 193.0 172.0 174.0 85.0 155.0 421.0 3047.0 1340.0 2165.0 194.0 1901.0 1760.0 7756.0 391.0 403.0 533.0 699.0 728.0 724.0 3535.0 4686.0 1187.0 3046.0 7758.0 1394.0 1221.0 1213.0 5209.0 4750.0 21519.0 2551.0 4355.0 1497.0 3.0 0.0 0.0 0.0 0.0 0.0 0.0 0.0 0.0 0.0 0.0 0.0 0.0 0.0 0.0 0.0 0.0 0.0 0.0 0.0 0.0 0.0 0.0 0.0 0.0 0.0 0.0 0.0 0.0 0.0 0.0
111.0 0.0 28.0 30.0 21.0 12.0 30.0 21.0 0.0 0.0 0.0 24.0 72.0 97.0 1199.0 65.0 884.0 200.0 181.0 188.0 127.0 76.0 201.0 2855.0 2152.0 957.0 312.0 2069.0 2150.0 6369.0 487.0 515.0 677.0 683.0 672.0 700.0 7277.0 1301.0 3253.0 219.0 238.0 7894.0 1408.0 1566.0 1522.0 4977.0 4287.0 22483.0 3363.0 2104.0 1061.0 5.0 0.0 0.0 0.0 0.0 0.0 0.0 0.0 0.0 0.0 0.0 0.0 0.0 0.0 0.0 0.0 0.0 0.0 0.0 0.0 0.0 0.0 0.0 0.0 0.0 0.0 0.0 0.0 0.0 0.0
114.0 111.0 0.0 28.0 30.0 21.0 12.0 30.0 21.0 0.0 0.0 0.0 24.0 72.0 97.0 1199.0 832.0 169.0 184.0 202.0 140.0 118.0 122.0 3400.0 1240.0 1156.0 1020.0 3329.0 826.0 7143.0 1751.0 2631.0 3424.0 4156.0 4930.0 5164.0 4135.0 3962.0 664.0 683.0 721.0 683.0 8973.0 8764.0 8760.0 8593.0 10422.0 8289.0 27816.0 583.0 1094.0 5.0 1058.0 0.0 0.0 0.0 0.0 0.0 0.0 0.0 0.0 0.0 0.0 0.0 0.0 0.0 0.0 0.0 0.0 0.0 0.0 0.0 0.0 0.0 0.0 0.0 0.0 0.0 0.0 0.0 0.0
5270.0 5379.0 5357.0 5217.0 5245.0 5275.0 5296.0 5306.0 5336.0 5310.0 5262.0 5262.0 5262.0 5286.0 5172.0 4887.0 6447.0 5305.0 4553.0 2437.0 1511.0 1127.0 2745.0 94.0 928.0 1616.0 816.0 1297.0 3706.0 3840.0 1342.0 1258.0 1200.0 1245.0 733.0 1186.0 5659.0 38.0 57.0 95.0 57.0 662.0 0.0 0.0 0.0 240.0 1226.0 3880.0 3663.0 27467.0 11530.0 6085.0 1816.0 0.0 0.0 0.0 0.0 0.0 0.0 0.0 0.0 0.0 0.0 0.0 0.0 0.0 0.0 0.0 0.0 0.0 0.0 0.0 0.0 0.0 0.0 0.0 0.0 0.0 0.0 0.0 0.0
