unicor_wind/u_5km.txt_ones_5km.txt_XY_WBP.csv_asymmetric_WindCost_FROM_.addedpaths.txt
ncols 201
nrows 169
xllcorner -510611.31198849
yllcorner -29945.202644741
cellsize 5000
NODATA_value -9999
[rows 72 to 107 of 169, columns 81 to 161 of 201]
1247.0 933.0 928.0 0.0 11.0 20.0 9.0 54.0 38.0 783.0 36.0 5.0 305.0 4.0 1.0 3.0 583.0 154.0 130.0 121.0 44.0 40.0 0.0 159.0 0.0 0.0 1600.0 10.0 0.0 2055.0 1764.0 2398.0 904.0 861.0 1218.0 24456.0 0.0 0.0 0.0 0.0 0.0 0.0 0.0 0.0 0.0 0.0 0.0 0.0 0.0 0.0 0.0 0.0 0.0 0.0 0.0 0.0 0.0 0.0 0.0 0.0 0.0 0.0 0.0 0.0 0.0 0.0 0.0 0.0 0.0 0.0 0.0 0.0 0.0 0.0 0.0 0.0 0.0 0.0 0.0 0.0 0.0
1422.0 1293.0 78.0 67.0 11.0 9.0 9.0 84.0 13.0 820.0 5.0 0.0 0.0 305.0 4.0 1.0 225.0 431.0 180.0 155.0 44.0 40.0 0.0 159.0 0.0 0.0 0.0 1600.0 20.0 2565.0 1342.0 3013.0 904.0 861.0 1218.0 24456.0 0.0 0.0 0.0 0.0 0.0 0.0 0.0 0.0 0.0 0.0 0.0 0.0 0.0 0.0 0.0 0.0 0.0 0.0 0.0 0.0 0.0 0.0 0.0 0.0 0.0 0.0 0.0 0.0 0.0 0.0 0.0 0.0 0.0 0.0 0.0 0.0 0.0 0.0 0.0 0.0 0.0 0.0 0.0 0.0 0.0
1423.0 148.0 465.0 71.0 71.0 12.0 35.0 58.0 48.0 798.0 7.0 3.0 3.0 3.0 308.0 9.0 224.0 76.0 460.0 206.0 83.0 43.0 3.0 164.0 5.0 17.0 17.0 27.0 2139.0 2329.0 1351.0 2534.0 1935.0 861.0 1218.0 24456.0 0.0 0.0 0.0 0.0 0.0 0.0 0.0 0.0 0.0 0.0 0.0 0.0 0.0 0.0 0.0 0.0 0.0 0.0 0.0 0.0 0.0 0.0 0.0 0.0 0.0 0.0 0.0 0.0 0.0 0.0 0.0 0.0 0.0 0.0 0.0 0.0 0.0 0.0 0.0 0.0 0.0 0.0 0.0 0.0 0.0
401.0 228.0 200.0 472.0 100.0 131.0 34.0 111.0 45.0 784.0 79.0 35.0 31.0 31.0 33.0 339.0 233.0 121.0 130.0 541.0 185.0 1062.0 5.0 162.0 17.0 5.0 15.0 527.0 302.0 3914.0 1063.0 2825.0 1459.0 926.0 1218.0 24456.0 0.0 0.0 0.0 0.0 0.0 0.0 0.0 0.0 0.0 0.0 0.0 0.0 0.0 0.0 0.0 0.0 0.0 0.0 0.0 0.0 0.0 0.0 0.0 0.0 0.0 0.0 0.0 0.0 0.0 0.0 0.0 0.0 0.0 0.0 0.0 0.0 0.0 0.0 0.0 0.0 0.0 0.0 0.0 0.0 0.0
389.0 19.0 213.0 145.0 476.0 72.0 96.0 49.0 8.0 696.0 63.0 48.0 4.0 2.0 3.0 9.0 494.0 70.0 150.0 122.0 653.0 144.0 608.0 177.0 4.0 14.0 526.0 301.0 311.0 3555.0 1479.0 2451.0 1445.0 881.0 1283.0 24456.0 0.0 0.0 0.0 0.0 0.0 0.0 0.0 0.0 0.0 0.0 0.0 0.0 0.0 0.0 0.0 0.0 0.0 0.0 0.0 0.0 0.0 0.0 0.0 0.0 0.0 0.0 0.0 0.0 0.0 0.0 0.0 0.0 0.0 0.0 0.0 0.0 0.0 0.0 0.0 0.0 0.0 0.0 0.0 0.0 0.0
481.0 53.0 24.0 227.0 151.0 481.0 66.0 111.0 13.0 557.0 134.0 63.0 50.0 7.0 9.0 5.0 232.0 413.0 123.0 414.0 65.0 435.0 102.0 767.0 10.0 522.0 297.0 307.0 29.0 3906.0 1102.0 2396.0 1467.0 891.0 1238.0 24521.0 0.0 0.0 0.0 0.0 0.0 0.0 0.0 0.0 0.0 0.0 0.0 0.0 0.0 0.0 0.0 0.0 0.0 0.0 0.0 0.0 0.0 0.0 0.0 0.0 0.0 0.0 0.0 0.0 0.0 0.0 0.0 0.0 0.0 0.0 0.0 0.0 0.0 0.0 0.0 0.0 0.0 0.0 0.0 0.0 0.0
625.0 207.0 135.0 64.0 290.0 209.0 499.0 173.0 134.0 599.0 58.0 191.0 121.0 112.0 64.0 82.0 164.0 67.0 657.0 140.0 77.0 63.0 368.0 336.0 1061.0 305.0 314.0 36.0 505.0 3467.0 1000.0 2355.0 1479.0 926.0 1248.0 23499.0 1042.0 0.0 0.0 0.0 0.0 0.0 0.0 0.0 0.0 0.0 0.0 0.0 0.0 0.0 0.0 0.0 0.0 0.0 0.0 0.0 0.0 0.0 0.0 0.0 0.0 0.0 0.0 0.0 0.0 0.0 0.0 0.0 0.0 0.0 0.0 0.0 0.0 0.0 0.0 0.0 0.0 0.0 0.0 0.0 0.0
443.0 337.0 196.0 67.0 15.0 207.0 154.0 502.0 78.0 594.0 4.0 6.0 143.0 68.0 75.0 4.0 157.0 285.0 121.0 433.0 73.0 54.0 13.0 1152.0 348.0 838.0 29.0 402.0 96.0 3467.0 1000.0 2355.0 1479.0 926.0 1248.0 23499.0 0.0 1042.0 0.0 0.0 0.0 0.0 0.0 0.0 0.0 0.0 0.0 0.0 0.0 0.0 0.0 0.0 0.0 0.0 0.0 0.0 0.0 0.0 0.0 0.0 0.0 0.0 0.0 0.0 0.0 0.0 0.0 0.0 0.0 0.0 0.0 0.0 0.0 0.0 0.0 0.0 0.0 0.0 0.0 0.0 0.0
296.0 220.0 413.0 152.0 43.0 23.0 213.0 206.0 444.0 585.0 77.0 11.0 8.0 161.0 63.0 52.0 383.0 82.0 101.0 130.0 374.0 68.0 523.0 576.0 661.0 79.0 902.0 74.0 54.0 3467.0 1000.0 2355.0 1479.0 926.0 1248.0 23499.0 0.0 0.0 1042.0 0.0 0.0 0.0 0.0 0.0 0.0 0.0 0.0 0.0 0.0 0.0 0.0 0.0 0.0 0.0 0.0 0.0 0.0 0.0 0.0 0.0 0.0 0.0 0.0 0.0 0.0 0.0 0.0 0.0 0.0 0.0 0.0 0.0 0.0 0.0 0.0 0.0 0.0 0.0 0.0 0.0 0.0
6453.0 293.0 453.0 516.0 1149.0 62.0 31.0 254.0 160.0 956.0 91.0 86.0 36.0 10.0 145.0 296.0 201.0 87.0 103.0 132.0 82.0 880.0 302.0 582.0 32.0 709.0 122.0 604.0 54.0 3413.0 1000.0 2355.0 1477.0 928.0 1248.0 23499.0 0.0 0.0 0.0 1042.0 0.0 0.0 0.0 0.0 0.0 0.0 0.0 0.0 0.0 0.0 0.0 0.0 0.0 0.0 0.0 0.0 0.0 0.0 0.0 0.0 0.0 0.0 0.0 0.0 0.0 0.0 0.0 0.0 0.0 0.0 0.0 0.0 0.0 0.0 0.0 0.0 0.0 0.0 0.0 0.0 0.0
1171.0 6542.0 448.0 587.0 1720.0 1582.0 39.0 64.0 205.0 635.0 468.0 102.0 74.0 6.0 229.0 137.0 213.0 125.0 103.0 140.0 589.0 349.0 610.0 308.0 355.0 67.0 435.0 104.0 568.0 3377.0 1000.0 2355.0 1471.0 932.0 1250.0 23499.0 0.0 0.0 0.0 0.0 1042.0 0.0 0.0 0.0 0.0 0.0 0.0 0.0 0.0 0.0 0.0 0.0 0.0 0.0 0.0 0.0 0.0 0.0 0.0 0.0 0.0 0.0 0.0 0.0 0.0 0.0 0.0 0.0 0.0 0.0 0.0 0.0 0.0 0.0 0.0 0.0 0.0 0.0 0.0 0.0 0.0
593.0 911.0 6458.0 1125.0 1789.0 1027.0 1021.0 91.0 19.0 662.0 194.0 463.0 79.0 300.0 5.0 17.0 281.0 129.0 157.0 653.0 366.0 359.0 29.0 932.0 68.0 83.0 57.0 390.0 77.0 3882.0 1000.0 2355.0 1467.0 930.0 1254.0 23501.0 0.0 0.0 0.0 0.0 0.0 1042.0 0.0 0.0 0.0 0.0 0.0 0.0 0.0 0.0 0.0 0.0 0.0 0.0 0.0 0.0 0.0 0.0 0.0 0.0 0.0 0.0 0.0 0.0 0.0 0.0 0.0 0.0 0.0 0.0 0.0 0.0 0.0 0.0 0.0 0.0 0.0 0.0 0.0 0.0 0.0
4107.0 2695.0 2889.0 8339.0 2834.0 3346.0 3130.0 2525.0 1516.0 1629.0 2124.0 1729.0 2042.0 1468.0 1476.0 1420.0 1505.0 1595.0 1866.0 1545.0 1350.0 1055.0 1224.0 1207.0 1251.0 926.0 901.0 887.0 1227.0 5602.0 1760.0 2940.0 1823.0 1198.0 1318.0 23495.0 75.0 0.0 0.0 0.0 0.0 0.0 1042.0 0.0 0.0 0.0 0.0 0.0 0.0 0.0 0.0 0.0 0.0 0.0 0.0 0.0 0.0 0.0 0.0 0.0 0.0 0.0 0.0 0.0 0.0 0.0 0.0 0.0 0.0 0.0 0.0 0.0 0.0 0.0 0.0 0.0 0.0 0.0 0.0 0.0 0.0
1480.0 2201.0 1086.0 1362.0 7381.0 1509.0 2579.0 1585.0 1381.0 357.0 271.0 845.0 423.0 693.0 362.0 337.0 384.0 636.0 598.0 645.0 434.0 625.0 317.0 605.0 325.0 605.0 300.0 295.0 568.0 5792.0 2242.0 2550.0 2682.0 1128.0 2453.0 23283.0 1208.0 84.0 4.0 1.0 0.0 0.0 992.0 50.0 0.0 0.0 0.0 0.0 0.0 0.0 0.0 0.0 0.0 0.0 0.0 0.0 0.0 0.0 0.0 0.0 0.0 0.0 0.0 0.0 0.0 0.0 0.0 0.0 0.0 0.0 0.0 0.0 0.0 0.0 0.0 0.0 0.0 0.0 0.0 0.0 0.0
1388.0 1670.0 2407.0 1135.0 1129.0 7418.0 1447.0 2440.0 1748.0 1549.0 565.0 545.0 1118.0 732.0 967.0 642.0 1044.0 781.0 772.0 754.0 1831.0 1532.0 1354.0 584.0 306.0 303.0 592.0 555.0 538.0 6400.0 1857.0 2710.0 3108.0 1537.0 1940.0 24858.0 404.0 157.0 80.0 3.0 1.0 0.0 921.0 98.0 23.0 0.0 0.0 0.0 0.0 0.0 0.0 0.0 0.0 0.0 0.0 0.0 0.0 0.0 0.0 0.0 0.0 0.0 0.0 0.0 0.0 0.0 0.0 0.0 0.0 0.0 0.0 0.0 0.0 0.0 0.0 0.0 0.0 0.0 0.0 0.0 0.0
28521.0 1684.0 1798.0 2487.0 2170.0 2016.0 8402.0 1693.0 2599.0 2218.0 1905.0 1012.0 1032.0 2265.0 945.0 2346.0 985.0 958.0 684.0 1123.0 1917.0 2361.0 2013.0 1219.0 390.0 381.0 648.0 954.0 1943.0 6400.0 2149.0 3804.0 3886.0 1271.0 3611.0 24464.0 1735.0 392.0 166.0 82.0 3.0 1.0 714.0 232.0 96.0 0.0 0.0 0.0 0.0 0.0 0.0 0.0 0.0 0.0 0.0 0.0 0.0 0.0 0.0 0.0 0.0 0.0 0.0 0.0 0.0 0.0 0.0 0.0 0.0 0.0 0.0 0.0 0.0 0.0 0.0 0.0 0.0 0.0 0.0 0.0 0.0
5829.0 28423.0 1413.0 1582.0 1789.0 1520.0 1357.0 8342.0 1505.0 2353.0 1801.0 1521.0 588.0 650.0 2160.0 1817.0 2551.0 1370.0 808.0 754.0 814.0 2148.0 1436.0 1794.0 622.0 485.0 469.0 1074.0 848.0 7525.0 2223.0 4388.0 3979.0 2148.0 3684.0 25145.0 1964.0 1716.0 448.0 1149.0 94.0 7.0 574.0 162.0 233.0 75.0 0.0 0.0 0.0 0.0 0.0 0.0 0.0 0.0 0.0 0.0 0.0 0.0 0.0 0.0 0.0 0.0 0.0 0.0 0.0 0.0 0.0 0.0 0.0 0.0 0.0 0.0 0.0 0.0 0.0 0.0 0.0 0.0 0.0 0.0 0.0
524.0 5646.0 28344.0 1206.0 1421.0 1591.0 1178.0 1288.0 8460.0 1234.0 2162.0 1570.0 1295.0 892.0 721.0 2739.0 2104.0 2091.0 1166.0 1617.0 644.0 180.0 1268.0 1936.0 1174.0 734.0 928.0 364.0 718.0 7266.0 3527.0 3418.0 5236.0 1836.0 4399.0 24140.0 3073.0 943.0 2070.0 1940.0 1093.0 1074.0 373.0 233.0 162.0 217.0 75.0 0.0 0.0 0.0 0.0 0.0 0.0 0.0 0.0 0.0 0.0 0.0 0.0 0.0 0.0 0.0 0.0 0.0 0.0 0.0 0.0 0.0 0.0 0.0 0.0 0.0 0.0 0.0 0.0 0.0 0.0 0.0 0.0 0.0 0.0
15430.0 15364.0 20273.0 40467.0 29109.0 28731.0 28761.0 27525.0 26915.0 33852.0 1094.0 2034.0 2781.0 1427.0 674.0 608.0 2309.0 1808.0 3182.0 1189.0 689.0 108.0 54.0 2451.0 1155.0 1741.0 741.0 668.0 739.0 7690.0 2274.0 5526.0 4294.0 2159.0 4655.0 24948.0 3000.0 2005.0 2215.0 2984.0 2247.0 518.0 167.0 235.0 235.0 150.0 217.0 75.0 0.0 0.0 0.0 0.0 0.0 0.0 0.0 0.0 0.0 0.0 0.0 0.0 0.0 0.0 0.0 0.0 0.0 0.0 0.0 0.0 0.0 0.0 0.0 0.0 0.0 0.0 0.0 0.0 0.0 0.0 0.0 0.0 0.0
380.0 201.0 411.0 8068.0 11882.0 1066.0 1017.0 1659.0 1176.0 1292.0 33636.0 31331.0 31977.0 31353.0 30208.0 28417.0 26743.0 26945.0 20043.0 20819.0 18697.0 18389.0 17681.0 18768.0 18413.0 17459.0 17719.0 16730.0 15981.0 19659.0 14755.0 13919.0 13668.0 10726.0 12749.0 31406.0 9249.0 7445.0 7111.0 5634.0 3930.0 2149.0 977.0 1634.0 1219.0 230.0 150.0 217.0 75.0 0.0 0.0 0.0 0.0 0.0 0.0 0.0 0.0 0.0 0.0 0.0 0.0 0.0 0.0 0.0 0.0 0.0 0.0 0.0 0.0 0.0 0.0 0.0 0.0 0.0 0.0 0.0 0.0 0.0 0.0 0.0 0.0
256.0 359.0 197.0 884.0 8803.0 10711.0 1828.0 1489.0 2039.0 1616.0 2383.0 4618.0 2700.0 2957.0 3592.0 3128.0 3437.0 2944.0 8509.0 2097.0 3588.0 1776.0 1736.0 2656.0 1302.0 2521.0 3962.0 3689.0 3384.0 6710.0 8859.0 5502.0 6582.0 6358.0 3760.0 5605.0 26895.0 2591.0 4858.0 5088.0 2907.0 2595.0 2186.0 2554.0 1673.0 1221.0 159.0 217.0 75.0 0.0 0.0 0.0 0.0 0.0 0.0 0.0 0.0 0.0 0.0 0.0 0.0 0.0 0.0 0.0 0.0 0.0 0.0 0.0 0.0 0.0 0.0 0.0 0.0 0.0 0.0 0.0 0.0 0.0 0.0 0.0 0.0
304.0 190.0 259.0 821.0 1355.0 7937.0 10750.0 1039.0 1060.0 2332.0 1733.0 1862.0 4186.0 2468.0 2681.0 3874.0 2898.0 2426.0 2084.0 8256.0 2060.0 2992.0 1882.0 2593.0 1198.0 1685.0 2743.0 2702.0 4667.0 5584.0 3601.0 8926.0 5994.0 5984.0 5733.0 2899.0 29502.0 3083.0 3109.0 5496.0 4830.0 2857.0 3292.0 3247.0 2477.0 1824.0 1144.0 236.0 75.0 0.0 0.0 0.0 0.0 0.0 0.0 0.0 0.0 0.0 0.0 0.0 0.0 0.0 0.0 0.0 0.0 0.0 0.0 0.0 0.0 0.0 0.0 0.0 0.0 0.0 0.0 0.0 0.0 0.0 0.0 0.0 0.0
166.0 148.0 331.0 751.0 1179.0 641.0 7742.0 10759.0 1677.0 1612.0 2190.0 1601.0 2028.0 5100.0 4117.0 3439.0 3148.0 2728.0 3508.0 3184.0 9024.0 3637.0 3377.0 3553.0 2213.0 1802.0 1414.0 3579.0 4138.0 6966.0 4106.0 4784.0 10017.0 5488.0 6156.0 5522.0 30669.0 3146.0 3586.0 5334.0 6353.0 5036.0 2546.0 3102.0 1635.0 2218.0 785.0 740.0 1058.0 0.0 0.0 0.0 0.0 0.0 0.0 0.0 0.0 0.0 0.0 0.0 0.0 0.0 0.0 0.0 0.0 0.0 0.0 0.0 0.0 0.0 0.0 0.0 0.0 0.0 0.0 0.0 0.0 0.0 0.0 0.0 0.0
162.0 291.0 152.0 871.0 937.0 450.0 587.0 8413.0 11255.0 1603.0 1441.0 2339.0 2774.0 3891.0 5983.0 3240.0 3321.0 4987.0 4436.0 3646.0 4197.0 10046.0 3357.0 5689.0 2599.0 1706.0 2693.0 1852.0 2964.0 7418.0 4950.0 5663.0 4488.0 9716.0 5493.0 5993.0 33307.0 3280.0 3772.0 4699.0 5117.0 7886.0 4424.0 2465.0 3466.0 2708.0 1780.0 1290.0 350.0 0.0 0.0 0.0 0.0 0.0 0.0 0.0 0.0 0.0 0.0 0.0 0.0 0.0 0.0 0.0 0.0 0.0 0.0 0.0 0.0 0.0 0.0 0.0 0.0 0.0 0.0 0.0 0.0 0.0 0.0 0.0 0.0
542.0 164.0 368.0 640.0 696.0 558.0 1063.0 2008.0 8658.0 11527.0 2665.0 2843.0 4106.0 3838.0 3805.0 5610.0 7562.0 6047.0 6086.0 6844.0 5867.0 4802.0 11092.0 7254.0 3558.0 3860.0 2899.0 2420.0 2667.0 6851.0 5714.0 5392.0 5325.0 4415.0 10883.0 5881.0 35659.0 5023.0 4131.0 4545.0 4811.0 7879.0 4433.0 3814.0 3499.0 3335.0 2509.0 1484.0 349.0 0.0 0.0 0.0 0.0 0.0 0.0 0.0 0.0 0.0 0.0 0.0 0.0 0.0 0.0 0.0 0.0 0.0 0.0 0.0 0.0 0.0 0.0 0.0 0.0 0.0 0.0 0.0 0.0 0.0 0.0 0.0 0.0
3965.0 4553.0 13559.0 14032.0 15049.0 14787.0 14379.0 13676.0 13571.0 21319.0 22482.0 12014.0 10616.0 11005.0 10541.0 10099.0 8439.0 7050.0 6889.0 6782.0 6919.0 6641.0 6350.0 15143.0 7024.0 6628.0 5825.0 5389.0 4649.0 7995.0 5854.0 7071.0 6705.0 7230.0 7212.0 11292.0 38953.0 6480.0 5632.0 6803.0 4993.0 7576.0 1795.0 2382.0 1766.0 1829.0 2324.0 1760.0 342.0 0.0 0.0 0.0 0.0 0.0 0.0 0.0 0.0 0.0 0.0 0.0 0.0 0.0 0.0 0.0 0.0 0.0 0.0 0.0 0.0 0.0 0.0 0.0 0.0 0.0 0.0 0.0 0.0 0.0 0.0 0.0 0.0
1971.0 12118.0 3425.0 4148.0 3290.0 3685.0 3507.0 4184.0 4208.0 4591.0 11009.0 14016.0 4108.0 4800.0 5623.0 4819.0 4807.0 7235.0 5363.0 6182.0 5421.0 5545.0 5346.0 10270.0 11680.0 4704.0 4910.0 4763.0 4767.0 6150.0 3795.0 5098.0 6480.0 6835.0 6075.0 4823.0 37491.0 12255.0 5925.0 6790.0 4904.0 8020.0 1685.0 1217.0 1990.0 2417.0 1357.0 1070.0 342.0 0.0 0.0 0.0 0.0 0.0 0.0 0.0 0.0 0.0 0.0 0.0 0.0 0.0 0.0 0.0 0.0 0.0 0.0 0.0 0.0 0.0 0.0 0.0 0.0 0.0 0.0 0.0 0.0 0.0 0.0 0.0 0.0
14923.0 5000.0 4828.0 5939.0 5153.0 4885.0 5857.0 6000.0 6191.0 6126.0 6431.0 12952.0 15994.0 6092.0 6279.0 6947.0 6671.0 6662.0 9616.0 7211.0 7524.0 7290.0 8097.0 10248.0 5831.0 11681.0 6528.0 5732.0 3949.0 7039.0 3603.0 4587.0 8258.0 6302.0 6252.0 5452.0 18710.0 27274.0 11461.0 7173.0 5640.0 8544.0 707.0 835.0 1257.0 1799.0 2337.0 1069.0 342.0 0.0 0.0 0.0 0.0 0.0 0.0 0.0 0.0 0.0 0.0 0.0 0.0 0.0 0.0 0.0 0.0 0.0 0.0 0.0 0.0 0.0 0.0 0.0 0.0 0.0 0.0 0.0 0.0 0.0 0.0 0.0 0.0
5393.0 3939.0 4532.0 3760.0 4077.0 3626.0 3718.0 4665.0 4621.0 4922.0 4186.0 4339.0 11383.0 14520.0 4662.0 5479.0 5728.0 5194.0 5190.0 7658.0 5755.0 6066.0 6461.0 10217.0 5812.0 7746.0 11741.0 5151.0 4900.0 7001.0 5674.0 7905.0 5612.0 6187.0 6579.0 5559.0 19202.0 5699.0 27356.0 11066.0 4848.0 9542.0 775.0 1382.0 798.0 1446.0 1633.0 1069.0 342.0 0.0 0.0 0.0 0.0 0.0 0.0 0.0 0.0 0.0 0.0 0.0 0.0 0.0 0.0 0.0 0.0 0.0 0.0 0.0 0.0 0.0 0.0 0.0 0.0 0.0 0.0 0.0 0.0 0.0 0.0 0.0 0.0
2994.0 4374.0 3903.0 4147.0 3351.0 3928.0 3552.0 3446.0 3980.0 4237.0 3860.0 3713.0 4006.0 11143.0 14666.0 4900.0 4527.0 5025.0 4592.0 4594.0 7074.0 5197.0 5500.0 8938.0 8171.0 5555.0 4823.0 11184.0 4813.0 7963.0 9164.0 6027.0 4242.0 4293.0 6462.0 6017.0 17609.0 6808.0 5133.0 29732.0 10724.0 10576.0 1535.0 582.0 803.0 1393.0 1633.0 1069.0 342.0 0.0 0.0 0.0 0.0 0.0 0.0 0.0 0.0 0.0 0.0 0.0 0.0 0.0 0.0 0.0 0.0 0.0 0.0 0.0 0.0 0.0 0.0 0.0 0.0 0.0 0.0 0.0 0.0 0.0 0.0 0.0 0.0
2410.0 2499.0 3411.0 2003.0 2222.0 1972.0 2124.0 2054.0 2139.0 3255.0 2461.0 2639.0 2506.0 2670.0 10916.0 12903.0 2993.0 3054.0 3612.0 3197.0 3193.0 5675.0 3828.0 14112.0 5006.0 5044.0 5309.0 4963.0 10963.0 12759.0 4876.0 3882.0 4714.0 3279.0 4119.0 4407.0 19284.0 6643.0 6023.0 5288.0 31135.0 16602.0 558.0 830.0 810.0 1374.0 1632.0 1069.0 342.0 0.0 0.0 0.0 0.0 0.0 0.0 0.0 0.0 0.0 0.0 0.0 0.0 0.0 0.0 0.0 0.0 0.0 0.0 0.0 0.0 0.0 0.0 0.0 0.0 0.0 0.0 0.0 0.0 0.0 0.0 0.0 0.0
47697.0 47531.0 47782.0 49686.0 49615.0 48966.0 48453.0 48323.0 47859.0 47706.0 49058.0 48927.0 49071.0 48999.0 49085.0 56822.0 50775.0 36855.0 36955.0 37531.0 37100.0 37104.0 39591.0 34494.0 17630.0 17900.0 18506.0 18835.0 18378.0 19204.0 10335.0 11035.0 9771.0 9500.0 7808.0 7081.0 16734.0 7924.0 6758.0 6510.0 4775.0 45226.0 856.0 708.0 1969.0 1389.0 1630.0 1050.0 342.0 0.0 0.0 0.0 0.0 0.0 0.0 0.0 0.0 0.0 0.0 0.0 0.0 0.0 0.0 0.0 0.0 0.0 0.0 0.0 0.0 0.0 0.0 0.0 0.0 0.0 0.0 0.0 0.0 0.0 0.0 0.0 0.0
537.0 181.0 377.0 402.0 341.0 1002.0 790.0 769.0 804.0 289.0 381.0 566.0 357.0 466.0 360.0 782.0 17071.0 15185.0 4618.0 4448.0 4795.0 3615.0 3090.0 12620.0 14951.0 4337.0 4404.0 5251.0 5424.0 7174.0 11380.0 4999.0 5358.0 4051.0 4852.0 2971.0 14883.0 6218.0 7248.0 6677.0 4957.0 4750.0 43558.0 3827.0 2647.0 2432.0 1597.0 1050.0 342.0 0.0 0.0 0.0 0.0 0.0 0.0 0.0 0.0 0.0 0.0 0.0 0.0 0.0 0.0 0.0 0.0 0.0 0.0 0.0 0.0 0.0 0.0 0.0 0.0 0.0 0.0 0.0 0.0 0.0 0.0 0.0 0.0
107.0 388.0 294.0 87.0 288.0 477.0 988.0 929.0 590.0 798.0 201.0 381.0 566.0 357.0 466.0 360.0 1077.0 16776.0 11845.0 1617.0 1709.0 2795.0 2121.0 5745.0 8481.0 13761.0 3606.0 3676.0 4512.0 7709.0 5190.0 10869.0 4161.0 4310.0 4805.0 3918.0 13870.0 3939.0 5803.0 6667.0 5085.0 3983.0 41752.0 2569.0 3109.0 1682.0 1580.0 1017.0 336.0 0.0 0.0 0.0 0.0 0.0 0.0 0.0 0.0 0.0 0.0 0.0 0.0 0.0 0.0 0.0 0.0 0.0 0.0 0.0 0.0 0.0 0.0 0.0 0.0 0.0 0.0 0.0 0.0 0.0 0.0 0.0 0.0
1109.0 981.0 859.0 929.0 848.0 1839.0 1365.0 2639.0 2025.0 1731.0 2027.0 1422.0 1581.0 1755.0 1546.0 1651.0 1852.0 1847.0 17820.0 12834.0 2605.0 2692.0 4534.0 5723.0 3734.0 8807.0 13405.0 3342.0 3228.0 6139.0 4593.0 4569.0 10533.0 3573.0 5288.0 2925.0 14926.0 3710.0 4996.0 6020.0 5342.0 3805.0 43383.0 2118.0 2263.0 2710.0 1537.0 1008.0 327.0 0.0 0.0 0.0 0.0 0.0 0.0 0.0 0.0 0.0 0.0 0.0 0.0 0.0 0.0 0.0 0.0 0.0 0.0 0.0 0.0 0.0 0.0 0.0 0.0 0.0 0.0 0.0 0.0 0.0 0.0 0.0 0.0
2043.0 1519.0 1553.0 1557.0 1627.0 1546.0 1717.0 1825.0 2333.0 2249.0 1961.0 2265.0 1681.0 1866.0 2037.0 1826.0 2260.0 1901.0 2305.0 18268.0 13202.0 3635.0 3372.0 6792.0 4584.0 4663.0 10700.0 13723.0 3264.0 5721.0 4396.0 5138.0 4894.0 10524.0 4964.0 3869.0 15462.0 4941.0 4567.0 3903.0 3776.0 4184.0 44771.0 2021.0 2387.0 2358.0 1527.0 1014.0 297.0 0.0 0.0 0.0 0.0 0.0 0.0 0.0 0.0 0.0 0.0 0.0 0.0 0.0 0.0 0.0 0.0 0.0 0.0 0.0 0.0 0.0 0.0 0.0 0.0 0.0 0.0 0.0 0.0 0.0 0.0 0.0 0.0
