unicor_wind/u_5km.txt_ones_5km.txt_XY_WBP.csv_asymmetric_WindCost_FROM_.addedpaths.txt
ncols 201
nrows 169
xllcorner -510611.31198849
yllcorner -29945.202644741
cellsize 5000
NODATA_value -9999
[rows 72 to 107 of 169, columns 0 to 80 of 201]
0.0 0.0 0.0 0.0 0.0 13.0 0.0 0.0 0.0 0.0 0.0 0.0 1.0 0.0 0.0 0.0 0.0 0.0 0.0 1.0 0.0 0.0 0.0 0.0 0.0 0.0 0.0 0.0 0.0 0.0 592.0 228.0 10.0 2.0 2.0 4.0 98.0 56.0 105.0 160.0 4.0 14.0 7.0 1.0 47.0 1064.0 74.0 66.0 71.0 198.0 480.0 138.0 249.0 155.0 181.0 11.0 99.0 585.0 9529.0 1679.0 1213.0 939.0 775.0 875.0 935.0 5981.0 7891.0 1382.0 1441.0 2972.0 979.0 3750.0 1737.0 847.0 318.0 559.0 1000.0 11813.0 76.0 232.0 190.0
0.0 0.0 0.0 0.0 0.0 13.0 0.0 0.0 0.0 0.0 0.0 0.0 1.0 0.0 0.0 0.0 0.0 0.0 0.0 1.0 0.0 0.0 0.0 0.0 0.0 0.0 0.0 0.0 0.0 592.0 225.0 3.0 10.0 2.0 2.0 104.0 56.0 105.0 52.0 112.0 14.0 7.0 0.0 48.0 34.0 1064.0 91.0 32.0 71.0 453.0 167.0 1283.0 976.0 912.0 724.0 758.0 1304.0 845.0 10266.0 1405.0 1210.0 1063.0 929.0 945.0 2114.0 2198.0 7959.0 8888.0 2444.0 1025.0 1820.0 3230.0 794.0 2154.0 253.0 601.0 865.0 11735.0 39.0 4.0 399.0
0.0 0.0 0.0 0.0 0.0 13.0 0.0 0.0 0.0 0.0 0.0 0.0 1.0 0.0 0.0 0.0 0.0 0.0 0.0 1.0 0.0 0.0 0.0 0.0 0.0 0.0 0.0 0.0 592.0 225.0 0.0 3.0 10.0 2.0 103.0 58.0 105.0 52.0 4.0 122.0 7.0 0.0 47.0 35.0 34.0 1081.0 57.0 32.0 423.0 120.0 1358.0 981.0 1042.0 813.0 825.0 1294.0 774.0 799.0 10296.0 1443.0 1284.0 1077.0 974.0 2283.0 2693.0 3253.0 2628.0 10145.0 8530.0 1232.0 1118.0 4261.0 322.0 1046.0 2001.0 476.0 830.0 11658.0 142.0 269.0 871.0
0.0 0.0 0.0 0.0 0.0 13.0 0.0 0.0 0.0 0.0 0.0 0.0 1.0 0.0 0.0 0.0 0.0 0.0 0.0 1.0 0.0 0.0 0.0 0.0 0.0 0.0 0.0 592.0 225.0 0.0 0.0 3.0 10.0 104.0 55.0 109.0 52.0 4.0 14.0 115.0 0.0 47.0 34.0 35.0 90.0 1008.0 61.0 441.0 130.0 409.0 1329.0 2012.0 1516.0 1662.0 2128.0 1551.0 1493.0 1453.0 10960.0 2391.0 1890.0 1618.0 2133.0 2014.0 2130.0 2439.0 3066.0 2247.0 10367.0 8579.0 1164.0 3765.0 1400.0 724.0 796.0 2101.0 833.0 11466.0 504.0 1033.0 908.0
0.0 0.0 0.0 0.0 0.0 13.0 0.0 0.0 0.0 0.0 0.0 0.0 1.0 0.0 0.0 0.0 0.0 0.0 0.0 1.0 0.0 0.0 0.0 0.0 0.0 0.0 592.0 225.0 0.0 0.0 0.0 3.0 113.0 54.0 107.0 56.0 4.0 14.0 7.0 108.0 47.0 34.0 34.0 91.0 17.0 1018.0 519.0 72.0 1341.0 1039.0 2139.0 1655.0 1674.0 2041.0 1647.0 1579.0 1554.0 1451.0 11217.0 2180.0 1917.0 2140.0 1847.0 2109.0 1919.0 3580.0 1592.0 1967.0 2178.0 11498.0 8883.0 3721.0 1000.0 1625.0 289.0 702.0 2661.0 11481.0 1073.0 1086.0 135.0
0.0 0.0 0.0 0.0 0.0 13.0 0.0 0.0 0.0 0.0 0.0 0.0 1.0 0.0 0.0 0.0 0.0 0.0 0.0 1.0 0.0 0.0 56.0 111.0 111.0 592.0 225.0 0.0 0.0 0.0 0.0 107.0 61.0 107.0 54.0 8.0 14.0 7.0 0.0 980.0 859.0 859.0 915.0 843.0 842.0 2748.0 1324.0 1640.0 1622.0 1724.0 1636.0 1532.0 1895.0 1435.0 1398.0 1524.0 1474.0 1506.0 10604.0 1951.0 1885.0 1696.0 1691.0 1493.0 2506.0 1572.0 1674.0 1140.0 1032.0 1665.0 13187.0 11938.0 872.0 1106.0 1337.0 218.0 1149.0 14300.0 923.0 205.0 235.0
0.0 0.0 0.0 0.0 0.0 13.0 0.0 0.0 0.0 0.0 0.0 0.0 1.0 0.0 0.0 0.0 0.0 0.0 0.0 1.0 0.0 56.0 55.0 0.0 481.0 225.0 0.0 0.0 0.0 0.0 105.0 52.0 921.0 860.0 812.0 837.0 827.0 820.0 980.0 34.0 34.0 90.0 17.0 18.0 1933.0 0.0 381.0 262.0 367.0 76.0 300.0 725.0 92.0 93.0 160.0 17.0 125.0 203.0 9904.0 859.0 646.0 722.0 458.0 1388.0 21.0 1134.0 337.0 273.0 188.0 237.0 287.0 16056.0 16742.0 1260.0 991.0 1741.0 1593.0 9334.0 5527.0 122.0 271.0
0.0 0.0 0.0 0.0 0.0 13.0 0.0 0.0 0.0 0.0 0.0 0.0 1.0 0.0 0.0 0.0 0.0 0.0 0.0 1.0 56.0 55.0 0.0 481.0 225.0 0.0 0.0 0.0 0.0 1058.0 682.0 916.0 65.0 9.0 33.0 16.0 2.0 52.0 142.0 34.0 90.0 17.0 17.0 1516.0 418.0 318.0 305.0 288.0 99.0 76.0 826.0 251.0 56.0 87.0 73.0 91.0 139.0 261.0 9908.0 969.0 487.0 707.0 488.0 1298.0 55.0 1068.0 324.0 241.0 181.0 1323.0 856.0 4356.0 5911.0 17324.0 1283.0 1545.0 2645.0 7806.0 967.0 6474.0 78.0
0.0 0.0 0.0 0.0 0.0 13.0 0.0 0.0 0.0 0.0 0.0 0.0 1.0 0.0 0.0 0.0 0.0 0.0 0.0 57.0 55.0 0.0 481.0 225.0 0.0 0.0 0.0 0.0 15.0 317.0 322.0 53.0 14.0 32.0 12.0 6.0 52.0 34.0 142.0 90.0 17.0 17.0 1514.0 2.0 736.0 242.0 331.0 20.0 99.0 622.0 335.0 227.0 70.0 18.0 60.0 177.0 237.0 174.0 9884.0 879.0 590.0 745.0 1421.0 242.0 74.0 1089.0 249.0 231.0 436.0 190.0 226.0 4642.0 1124.0 6338.0 19295.0 1630.0 1188.0 8390.0 594.0 833.0 6059.0
0.0 0.0 0.0 0.0 0.0 69.0 56.0 56.0 56.0 56.0 56.0 56.0 57.0 56.0 56.0 56.0 56.0 56.0 56.0 56.0 0.0 481.0 225.0 0.0 0.0 0.0 0.0 15.0 50.0 481.0 122.0 43.0 41.0 11.0 3.0 52.0 34.0 36.0 200.0 18.0 18.0 1515.0 1.0 172.0 810.0 270.0 65.0 41.0 666.0 155.0 358.0 254.0 44.0 58.0 1130.0 903.0 887.0 871.0 10424.0 1572.0 1217.0 2706.0 785.0 860.0 831.0 1582.0 1877.0 1832.0 1530.0 1526.0 1620.0 6033.0 2767.0 3181.0 6962.0 19361.0 1184.0 7678.0 1817.0 668.0 985.0
0.0 0.0 0.0 0.0 61.0 63.0 55.0 55.0 55.0 55.0 55.0 55.0 56.0 55.0 55.0 55.0 55.0 55.0 55.0 1.0 481.0 225.0 0.0 0.0 0.0 0.0 15.0 50.0 1061.0 75.0 214.0 101.0 57.0 2.0 49.0 38.0 34.0 90.0 125.0 18.0 1515.0 1.0 169.0 196.0 888.0 2.0 103.0 589.0 179.0 156.0 362.0 219.0 34.0 208.0 1154.0 958.0 887.0 756.0 10498.0 1595.0 2868.0 943.0 982.0 872.0 682.0 1785.0 1265.0 957.0 797.0 922.0 924.0 4946.0 1822.0 2116.0 1047.0 6367.0 21007.0 7209.0 1300.0 1968.0 763.0
0.0 0.0 0.0 61.0 55.0 8.0 0.0 0.0 0.0 0.0 0.0 0.0 1.0 0.0 0.0 0.0 0.0 0.0 1.0 481.0 225.0 0.0 0.0 0.0 0.0 15.0 50.0 17.0 59.0 746.0 14.0 199.0 79.0 88.0 36.0 38.0 90.0 17.0 125.0 1514.0 0.0 168.0 187.0 1136.0 1365.0 782.0 1354.0 827.0 892.0 875.0 1038.0 922.0 921.0 929.0 932.0 921.0 844.0 958.0 10621.0 3562.0 1194.0 1697.0 1551.0 1512.0 1597.0 3829.0 2887.0 2933.0 2960.0 2991.0 3924.0 8103.0 5973.0 5444.0 4702.0 4758.0 9609.0 30997.0 994.0 1118.0 1757.0
0.0 0.0 1062.0 1044.0 993.0 992.0 993.0 185.0 301.0 417.0 533.0 700.0 756.0 755.0 755.0 755.0 755.0 793.0 829.0 384.0 162.0 162.0 163.0 165.0 165.0 150.0 116.0 154.0 107.0 117.0 844.0 121.0 422.0 385.0 447.0 591.0 506.0 513.0 1830.0 232.0 400.0 425.0 356.0 427.0 919.0 656.0 231.0 179.0 251.0 195.0 388.0 479.0 327.0 291.0 258.0 159.0 323.0 506.0 11792.0 505.0 1002.0 402.0 179.0 349.0 1681.0 1110.0 260.0 306.0 289.0 255.0 731.0 5805.0 712.0 488.0 373.0 192.0 539.0 5741.0 31015.0 3738.0 3672.0
0.0 0.0 1069.0 995.0 994.0 993.0 1045.0 1093.0 231.0 232.0 287.0 176.0 122.0 119.0 119.0 119.0 175.0 192.0 155.0 123.0 120.0 122.0 123.0 121.0 121.0 121.0 164.0 117.0 137.0 136.0 125.0 849.0 378.0 179.0 325.0 94.0 71.0 496.0 907.0 171.0 196.0 121.0 3.0 176.0 1283.0 73.0 125.0 78.0 109.0 83.0 371.0 496.0 157.0 99.0 66.0 113.0 318.0 164.0 11696.0 1588.0 700.0 619.0 413.0 1965.0 499.0 1461.0 550.0 680.0 565.0 1011.0 1647.0 6287.0 1438.0 681.0 329.0 547.0 363.0 649.0 5477.0 28194.0 1218.0
0.0 0.0 15.0 5.0 1064.0 1048.0 1101.0 1090.0 1956.0 273.0 159.0 101.0 102.0 103.0 103.0 1148.0 250.0 195.0 195.0 191.0 194.0 193.0 191.0 191.0 191.0 242.0 191.0 203.0 200.0 187.0 191.0 183.0 1085.0 240.0 50.0 126.0 513.0 38.0 1067.0 223.0 148.0 30.0 30.0 742.0 796.0 128.0 155.0 64.0 125.0 194.0 406.0 576.0 122.0 57.0 167.0 342.0 101.0 118.0 12678.0 2192.0 1979.0 1740.0 3120.0 1676.0 1490.0 2375.0 1760.0 1624.0 2058.0 1723.0 2601.0 7210.0 2962.0 2770.0 1949.0 348.0 453.0 726.0 354.0 5517.0 28283.0
0.0 0.0 15.0 3.0 1071.0 2107.0 2057.0 2924.0 1210.0 1961.0 164.0 166.0 166.0 163.0 162.0 218.0 1045.0 162.0 162.0 165.0 163.0 162.0 162.0 162.0 213.0 162.0 174.0 167.0 158.0 166.0 154.0 154.0 597.0 562.0 33.0 469.0 81.0 44.0 1245.0 135.0 17.0 17.0 563.0 236.0 779.0 86.0 134.0 43.0 198.0 193.0 454.0 506.0 48.0 126.0 365.0 90.0 106.0 345.0 11589.0 1506.0 1489.0 3154.0 1221.0 1013.0 879.0 1949.0 1020.0 1665.0 1158.0 1185.0 1962.0 5497.0 3415.0 2764.0 2248.0 3302.0 662.0 913.0 492.0 571.0 5779.0
0.0 0.0 1068.0 1055.0 1059.0 2109.0 2070.0 1252.0 2897.0 2794.0 2744.0 133.0 133.0 137.0 1182.0 192.0 192.0 1075.0 192.0 189.0 188.0 188.0 188.0 239.0 188.0 190.0 183.0 170.0 182.0 174.0 170.0 210.0 385.0 32.0 987.0 5.0 8.0 287.0 1166.0 4.0 4.0 550.0 65.0 209.0 767.0 33.0 81.0 150.0 198.0 235.0 380.0 424.0 111.0 318.0 107.0 91.0 328.0 221.0 11519.0 1426.0 4194.0 2269.0 1895.0 1505.0 1486.0 2316.0 1982.0 1661.0 1754.0 1496.0 1355.0 5602.0 3046.0 3618.0 2601.0 2588.0 5392.0 747.0 451.0 444.0 507.0
0.0 0.0 1063.0 1057.0 2107.0 2096.0 3108.0 3758.0 3674.0 3740.0 5522.0 4576.0 15.0 15.0 15.0 935.0 15.0 15.0 898.0 15.0 15.0 15.0 66.0 15.0 17.0 16.0 3.0 11.0 7.0 7.0 43.0 8.0 361.0 467.0 14.0 537.0 219.0 6.0 1203.0 32.0 548.0 63.0 58.0 204.0 718.0 19.0 166.0 127.0 282.0 175.0 309.0 498.0 314.0 71.0 119.0 324.0 217.0 221.0 11578.0 2555.0 1856.0 2434.0 1873.0 2180.0 1774.0 3036.0 1878.0 2817.0 2316.0 2227.0 1996.0 6766.0 2515.0 2289.0 3828.0 2967.0 3052.0 8099.0 540.0 484.0 580.0
0.0 0.0 1058.0 1048.0 2109.0 2092.0 2930.0 2980.0 3013.0 3865.0 3873.0 7430.0 11991.0 0.0 0.0 0.0 920.0 0.0 0.0 883.0 0.0 51.0 0.0 2.0 1.0 0.0 8.0 0.0 4.0 44.0 5.0 8.0 792.0 14.0 16.0 235.0 534.0 0.0 1138.0 616.0 92.0 57.0 57.0 152.0 693.0 1067.0 1217.0 374.0 386.0 333.0 584.0 895.0 263.0 279.0 548.0 409.0 413.0 559.0 17980.0 4881.0 5837.0 6435.0 6875.0 6686.0 8083.0 8399.0 7751.0 8749.0 9273.0 8959.0 9002.0 12050.0 8421.0 8159.0 7705.0 8473.0 8340.0 8384.0 15907.0 15927.0 15651.0
0.0 0.0 0.0 2.0 3.0 1058.0 174.0 174.0 174.0 174.0 174.0 174.0 174.0 12165.0 11793.0 11767.0 11715.0 12570.0 12459.0 12431.0 14175.0 13833.0 13663.0 13511.0 13431.0 13356.0 13288.0 12473.0 12495.0 12399.0 12319.0 12272.0 12035.0 11716.0 2765.0 2553.0 2546.0 3051.0 4216.0 2568.0 2635.0 2603.0 2546.0 2666.0 3283.0 2689.0 4531.0 4362.0 4225.0 4427.0 4840.0 4676.0 4519.0 4726.0 4635.0 4591.0 4699.0 17885.0 373.0 434.0 477.0 1473.0 485.0 1987.0 521.0 1855.0 909.0 1605.0 222.0 162.0 76.0 4605.0 532.0 521.0 236.0 209.0 606.0 374.0 441.0 522.0 445.0
0.0 0.0 0.0 0.0 2.0 3.0 13.0 8.0 0.0 0.0 0.0 0.0 0.0 0.0 372.0 26.0 52.0 65.0 111.0 28.0 182.0 276.0 170.0 155.0 79.0 79.0 64.0 929.0 119.0 73.0 84.0 45.0 145.0 713.0 9371.0 20.0 18.0 32.0 2271.0 104.0 106.0 127.0 67.0 171.0 843.0 1255.0 1414.0 822.0 706.0 599.0 606.0 713.0 301.0 205.0 241.0 333.0 4340.0 9571.0 314.0 330.0 633.0 388.0 1065.0 593.0 659.0 2271.0 1853.0 212.0 233.0 130.0 164.0 4506.0 532.0 499.0 218.0 338.0 393.0 523.0 490.0 538.0 404.0
0.0 0.0 0.0 0.0 0.0 2.0 3.0 5.0 8.0 0.0 0.0 0.0 0.0 0.0 0.0 372.0 26.0 52.0 65.0 111.0 28.0 182.0 276.0 165.0 155.0 80.0 194.0 65.0 796.0 103.0 84.0 96.0 1355.0 654.0 906.0 9964.0 13.0 236.0 1617.0 583.0 21.0 10.0 72.0 149.0 927.0 225.0 920.0 796.0 937.0 286.0 394.0 667.0 235.0 206.0 359.0 4334.0 676.0 9197.0 223.0 499.0 417.0 1013.0 535.0 483.0 487.0 1672.0 632.0 864.0 140.0 178.0 146.0 4558.0 420.0 536.0 262.0 308.0 360.0 342.0 757.0 528.0 351.0
0.0 0.0 0.0 0.0 0.0 0.0 2.0 3.0 5.0 8.0 0.0 0.0 0.0 0.0 0.0 0.0 372.0 26.0 52.0 65.0 111.0 28.0 182.0 276.0 191.0 1207.0 919.0 852.0 837.0 1568.0 845.0 941.0 827.0 786.0 56.0 311.0 10182.0 220.0 1463.0 49.0 545.0 26.0 33.0 247.0 956.0 214.0 1422.0 853.0 686.0 726.0 729.0 577.0 211.0 363.0 4349.0 696.0 317.0 9103.0 398.0 289.0 1048.0 564.0 485.0 401.0 447.0 1328.0 435.0 487.0 833.0 104.0 217.0 4458.0 533.0 494.0 292.0 183.0 364.0 441.0 518.0 705.0 470.0
0.0 0.0 0.0 0.0 0.0 0.0 0.0 2.0 3.0 5.0 8.0 8.0 6.0 0.0 0.0 0.0 0.0 372.0 26.0 52.0 65.0 111.0 28.0 182.0 250.0 176.0 233.0 149.0 83.0 66.0 899.0 75.0 270.0 134.0 785.0 862.0 1092.0 10942.0 1070.0 24.0 15.0 529.0 43.0 142.0 983.0 219.0 755.0 731.0 730.0 902.0 1046.0 715.0 340.0 4290.0 786.0 322.0 179.0 9330.0 188.0 920.0 599.0 514.0 478.0 415.0 86.0 1292.0 336.0 326.0 474.0 819.0 156.0 4457.0 532.0 604.0 84.0 236.0 378.0 384.0 530.0 629.0 522.0
0.0 0.0 0.0 0.0 0.0 0.0 0.0 0.0 2.0 3.0 5.0 0.0 2.0 6.0 6.0 5.0 3.0 0.0 372.0 26.0 52.0 65.0 111.0 28.0 182.0 250.0 177.0 234.0 150.0 250.0 122.0 848.0 187.0 173.0 1279.0 964.0 1936.0 1590.0 12520.0 15.0 28.0 52.0 539.0 140.0 930.0 521.0 549.0 115.0 1037.0 836.0 996.0 1256.0 4420.0 733.0 353.0 216.0 445.0 9093.0 819.0 471.0 549.0 507.0 492.0 129.0 45.0 1243.0 329.0 243.0 336.0 473.0 939.0 4256.0 621.0 443.0 218.0 162.0 370.0 1223.0 685.0 453.0 299.0
0.0 0.0 0.0 0.0 0.0 0.0 0.0 0.0 0.0 2.0 3.0 5.0 0.0 2.0 0.0 1.0 2.0 3.0 0.0 372.0 26.0 52.0 65.0 111.0 28.0 182.0 253.0 176.0 337.0 89.0 85.0 68.0 917.0 222.0 421.0 1776.0 1401.0 1550.0 2176.0 12902.0 12353.0 11425.0 11281.0 11819.0 12723.0 11900.0 12713.0 4647.0 4643.0 5311.0 5618.0 9378.0 4654.0 3861.0 3611.0 3815.0 3619.0 13047.0 3720.0 3786.0 3846.0 3684.0 3373.0 3253.0 3329.0 4309.0 3453.0 3425.0 3432.0 3568.0 3646.0 8404.0 4106.0 4250.0 3936.0 3978.0 4047.0 4327.0 4512.0 4041.0 4227.0
0.0 0.0 0.0 0.0 0.0 0.0 0.0 0.0 0.0 0.0 2.0 3.0 5.0 0.0 2.0 0.0 1.0 2.0 3.0 0.0 372.0 26.0 52.0 65.0 111.0 28.0 193.0 347.0 179.0 233.0 85.0 85.0 1197.0 2825.0 1663.0 1719.0 1948.0 1604.0 2135.0 1622.0 1959.0 2291.0 1507.0 1791.0 2221.0 3014.0 2801.0 9849.0 1232.0 2206.0 5103.0 2750.0 2325.0 1778.0 1661.0 1323.0 7732.0 4494.0 1397.0 1415.0 1478.0 1271.0 1260.0 2083.0 1733.0 2764.0 1870.0 1790.0 1948.0 1801.0 2034.0 5690.0 2473.0 2088.0 1785.0 1839.0 2360.0 1669.0 1805.0 2718.0 1772.0
0.0 0.0 0.0 0.0 0.0 0.0 0.0 0.0 0.0 0.0 0.0 2.0 3.0 5.0 0.0 2.0 0.0 1.0 2.0 3.0 0.0 372.0 26.0 52.0 65.0 111.0 1078.0 1065.0 1086.0 1021.0 1070.0 926.0 2080.0 2020.0 3075.0 1947.0 1169.0 1331.0 1728.0 1061.0 1146.0 1495.0 2210.0 1182.0 1609.0 1935.0 1573.0 1457.0 9956.0 5085.0 2543.0 2256.0 1776.0 2927.0 1934.0 7872.0 2489.0 5360.0 2096.0 2097.0 2079.0 1963.0 2002.0 2043.0 2032.0 2913.0 2135.0 2085.0 2002.0 2154.0 2072.0 5876.0 2322.0 2700.0 2012.0 2401.0 2009.0 1972.0 2068.0 2091.0 3368.0
0.0 0.0 0.0 0.0 0.0 0.0 0.0 0.0 0.0 0.0 0.0 0.0 2.0 3.0 5.0 0.0 2.0 0.0 1.0 2.0 3.0 0.0 372.0 26.0 52.0 65.0 120.0 62.0 227.0 279.0 201.0 243.0 1392.0 2132.0 1940.0 4145.0 1307.0 770.0 1624.0 752.0 757.0 1170.0 1218.0 1647.0 2572.0 2595.0 2389.0 1957.0 5825.0 12020.0 1934.0 1989.0 1972.0 1780.0 9501.0 1959.0 2609.0 4593.0 1460.0 1355.0 1406.0 1383.0 1434.0 1403.0 2329.0 2829.0 2153.0 1971.0 2100.0 1963.0 1936.0 5746.0 2336.0 2306.0 2711.0 1803.0 1954.0 1976.0 1933.0 1699.0 16190.0
0.0 0.0 0.0 0.0 0.0 0.0 0.0 0.0 0.0 0.0 0.0 0.0 0.0 2.0 3.0 5.0 0.0 2.0 0.0 1.0 2.0 3.0 0.0 372.0 26.0 52.0 68.0 117.0 65.0 195.0 250.0 289.0 520.0 351.0 289.0 227.0 3404.0 701.0 735.0 375.0 470.0 223.0 255.0 785.0 1723.0 1437.0 998.0 3215.0 2116.0 1545.0 11063.0 1543.0 1159.0 7538.0 875.0 2671.0 1394.0 4778.0 1071.0 797.0 870.0 854.0 854.0 871.0 811.0 1746.0 970.0 931.0 1735.0 1300.0 1443.0 4980.0 1736.0 2143.0 1233.0 1627.0 1463.0 1248.0 1444.0 17733.0 3860.0
0.0 0.0 0.0 0.0 0.0 0.0 0.0 0.0 0.0 0.0 0.0 0.0 0.0 0.0 2.0 3.0 5.0 0.0 2.0 0.0 1.0 2.0 3.0 0.0 372.0 26.0 52.0 68.0 120.0 66.0 294.0 352.0 1430.0 1100.0 897.0 923.0 845.0 4086.0 1410.0 1505.0 749.0 454.0 660.0 712.0 1641.0 2018.0 3707.0 977.0 854.0 772.0 1134.0 11151.0 7260.0 1033.0 1566.0 935.0 2424.0 4242.0 1416.0 880.0 1575.0 803.0 822.0 735.0 829.0 1472.0 966.0 858.0 682.0 807.0 756.0 4122.0 1644.0 1121.0 875.0 823.0 1195.0 720.0 17545.0 2259.0 2005.0
0.0 0.0 0.0 0.0 0.0 0.0 0.0 0.0 0.0 0.0 0.0 0.0 0.0 0.0 0.0 2.0 3.0 5.0 0.0 2.0 0.0 1.0 2.0 3.0 0.0 372.0 26.0 52.0 70.0 1160.0 1074.0 1100.0 1404.0 1335.0 1294.0 1232.0 1191.0 1119.0 6283.0 922.0 889.0 714.0 405.0 556.0 1189.0 4206.0 2898.0 1565.0 707.0 908.0 874.0 7355.0 11228.0 11281.0 11164.0 11624.0 12228.0 15974.0 1073.0 1266.0 1710.0 892.0 370.0 369.0 366.0 955.0 408.0 264.0 435.0 288.0 477.0 60214.0 57985.0 59406.0 60018.0 60787.0 62038.0 63251.0 46911.0 47192.0 47313.0
0.0 0.0 0.0 0.0 0.0 0.0 0.0 0.0 0.0 0.0 0.0 0.0 0.0 0.0 0.0 0.0 2.0 3.0 5.0 0.0 2.0 0.0 1.0 2.0 3.0 0.0 372.0 26.0 52.0 1110.0 1017.0 1029.0 1286.0 1145.0 1103.0 1150.0 1017.0 1195.0 1839.0 7744.0 7809.0 8095.0 8485.0 8522.0 11251.0 11615.0 12727.0 13850.0 14559.0 15636.0 15962.0 22699.0 16279.0 16100.0 16133.0 16200.0 16219.0 18057.0 29487.0 30499.0 31666.0 32582.0 33982.0 33728.0 33529.0 34554.0 34292.0 33723.0 34159.0 51079.0 59880.0 1529.0 1869.0 1410.0 791.0 1275.0 1232.0 1307.0 1666.0 791.0 792.0
0.0 0.0 0.0 0.0 0.0 0.0 0.0 0.0 0.0 0.0 0.0 0.0 0.0 0.0 0.0 0.0 0.0 2.0 3.0 5.0 0.0 2.0 0.0 1.0 2.0 3.0 0.0 372.0 26.0 52.0 1138.0 1043.0 1135.0 1210.0 1097.0 1203.0 2275.0 1910.0 2689.0 1578.0 2594.0 2345.0 2132.0 4533.0 4642.0 3678.0 2439.0 2682.0 3916.0 1831.0 5390.0 3907.0 757.0 642.0 488.0 642.0 717.0 2626.0 515.0 1645.0 2174.0 2905.0 2903.0 2609.0 2478.0 2669.0 2408.0 3377.0 18435.0 8304.0 2862.0 1728.0 1438.0 1142.0 1222.0 1052.0 1376.0 1384.0 797.0 1154.0 499.0
0.0 0.0 0.0 0.0 0.0 0.0 0.0 0.0 0.0 0.0 0.0 0.0 0.0 0.0 0.0 0.0 0.0 0.0 2.0 3.0 5.0 0.0 2.0 0.0 1.0 2.0 3.0 0.0 372.0 26.0 52.0 121.0 391.0 161.0 338.0 1297.0 2196.0 1918.0 1823.0 2450.0 3158.0 5448.0 6867.0 5265.0 4952.0 3111.0 3649.0 4455.0 3484.0 7717.0 1745.0 3563.0 984.0 884.0 720.0 895.0 1021.0 2890.0 946.0 953.0 1125.0 1397.0 2001.0 1667.0 1535.0 2165.0 1779.0 19536.0 8841.0 2111.0 4003.0 2039.0 1833.0 2387.0 1677.0 1895.0 2610.0 1562.0 1569.0 1260.0 1224.0
0.0 0.0 0.0 0.0 0.0 0.0 0.0 0.0 0.0 0.0 0.0 0.0 0.0 0.0 0.0 0.0 0.0 0.0 0.0 2.0 3.0 5.0 0.0 2.0 0.0 1.0 2.0 3.0 0.0 372.0 26.0 52.0 417.0 199.0 152.0 411.0 276.0 348.0 640.0 290.0 629.0 3641.0 3830.0 2005.0 2099.0 3248.0 3952.0 3568.0 7606.0 4062.0 5964.0 3686.0 1284.0 1137.0 1206.0 1319.0 1377.0 3414.0 1209.0 1403.0 1877.0 1635.0 2368.0 1988.0 2985.0 3072.0 21792.0 7099.0 3267.0 4854.0 4144.0 2679.0 3314.0 2996.0 2856.0 2601.0 2226.0 2404.0 1956.0 1592.0 1819.0
