unicor_wind/u_5km.txt
ncols         201
nrows         169
xllcorner     -510611.31198849
yllcorner     -29945.202644741
cellsize      5000
NODATA_value  -9999
[rows 112 to 139 of 169, columns 0 to 62 of 201]
0.6856802 0.6856802 0.6856802 0.6856802 0.6856802 0.6856802 0.5835387 0.5835387 0.5835387 0.5835387 0.5835387 0.5835387 0.5835387 0.6030954 0.6030954 0.6030954 0.6030954 0.6030954 0.6030954 0.7355373 0.7355373 0.7355373 0.7355373 0.7355373 0.7355373 0.7355373 1.407563 1.407563 1.407563 1.407563 1.407563 1.407563 2.56618 2.56618 2.56618 2.56618 2.56618 2.56618 2.56618 2.491024 2.491024 2.491024 2.491024 2.491024 2.491024 2.627037 2.627037 2.627037 2.627037 2.627037 2.627037 2.627037 2.500699 2.500699 2.500699 2.500699 2.500699 2.500699 1.866987 1.866987 1.866987 1.866987 1.866987
0.6856802 0.6856802 0.6856802 0.6856802 0.6856802 0.6856802 0.5835387 0.5835387 0.5835387 0.5835387 0.5835387 0.5835387 0.5835387 0.6030954 0.6030954 0.6030954 0.6030954 0.6030954 0.6030954 0.7355373 0.7355373 0.7355373 0.7355373 0.7355373 0.7355373 0.7355373 1.407563 1.407563 1.407563 1.407563 1.407563 1.407563 2.56618 2.56618 2.56618 2.56618 2.56618 2.56618 2.56618 2.491024 2.491024 2.491024 2.491024 2.491024 2.491024 2.627037 2.627037 2.627037 2.627037 2.627037 2.627037 2.627037 2.500699 2.500699 2.500699 2.500699 2.500699 2.500699 1.866987 1.866987 1.866987 1.866987 1.866987
0.6856802 0.6856802 0.6856802 0.6856802 0.6856802 0.6856802 0.5835387 0.5835387 0.5835387 0.5835387 0.5835387 0.5835387 0.5835387 0.6030954 0.6030954 0.6030954 0.6030954 0.6030954 0.6030954 0.7355373 0.7355373 0.7355373 0.7355373 0.7355373 0.7355373 0.7355373 1.407563 1.407563 1.407563 1.407563 1.407563 1.407563 2.56618 2.56618 2.56618 2.56618 2.56618 2.56618 2.56618 2.491024 2.491024 2.491024 2.491024 2.491024 2.491024 2.627037 2.627037 2.627037 2.627037 2.627037 2.627037 2.627037 2.500699 2.500699 2.500699 2.500699 2.500699 2.500699 1.866987 1.866987 1.866987 1.866987 1.866987
0.6856802 0.6856802 0.6856802 0.6856802 0.6856802 0.6856802 0.5835387 0.5835387 0.5835387 0.5835387 0.5835387 0.5835387 0.5835387 0.6030954 0.6030954 0.6030954 0.6030954 0.6030954 0.6030954 0.7355373 0.7355373 0.7355373 0.7355373 0.7355373 0.7355373 0.7355373 1.407563 1.407563 1.407563 1.407563 1.407563 1.407563 2.56618 2.56618 2.56618 2.56618 2.56618 2.56618 2.56618 2.491024 2.491024 2.491024 2.491024 2.491024 2.491024 2.627037 2.627037 2.627037 2.627037 2.627037 2.627037 2.627037 2.500699 2.500699 2.500699 2.500699 2.500699 2.500699 1.866987 1.866987 1.866987 1.866987 1.866987
0.6856802 0.6856802 0.6856802 0.6856802 0.6856802 0.6856802 0.5835387 0.5835387 0.5835387 0.5835387 0.5835387 0.5835387 0.5835387 0.6030954 0.6030954 0.6030954 0.6030954 0.6030954 0.6030954 0.7355373 0.7355373 0.7355373 0.7355373 0.7355373 0.7355373 0.7355373 1.407563 1.407563 1.407563 1.407563 1.407563 1.407563 2.56618 2.56618 2.56618 2.56618 2.56618 2.56618 2.56618 2.491024 2.491024 2.491024 2.491024 2.491024 2.491024 2.627037 2.627037 2.627037 2.627037 2.627037 2.627037 2.627037 2.500699 2.500699 2.500699 2.500699 2.500699 2.500699 1.866987 1.866987 1.866987 1.866987 1.866987
0.5424122 0.5424122 0.5424122 0.5424122 0.5424122 0.5424122 0.5940747 0.5940747 0.5940747 0.5940747 0.5940747 0.5940747 0.5940747 0.7602648 0.7602648 0.7602648 0.7602648 0.7602648 0.7602648 1.056665 1.056665 1.056665 1.056665 1.056665 1.056665 1.056665 1.102026 1.102026 1.102026 1.102026 1.102026 1.102026 1.433011 1.433011 1.433011 1.433011 1.433011 1.433011 1.433011 1.609994 1.609994 1.609994 1.609994 1.609994 1.609994 2.745862 2.745862 2.745862 2.745862 2.745862 2.745862 2.745862 2.700484 2.700484 2.700484 2.700484 2.700484 2.700484 2.302786 2.302786 2.302786 2.302786 2.302786
0.5424122 0.5424122 0.5424122 0.5424122 0.5424122 0.5424122 0.5940747 0.5940747 0.5940747 0.5940747 0.5940747 0.5940747 0.5940747 0.7602648 0.7602648 0.7602648 0.7602648 0.7602648 0.7602648 1.056665 1.056665 1.056665 1.056665 1.056665 1.056665 1.056665 1.102026 1.102026 1.102026 1.102026 1.102026 1.102026 1.433011 1.433011 1.433011 1.433011 1.433011 1.433011 1.433011 1.609994 1.609994 1.609994 1.609994 1.609994 1.609994 2.745862 2.745862 2.745862 2.745862 2.745862 2.745862 2.745862 2.700484 2.700484 2.700484 2.700484 2.700484 2.700484 2.302786 2.302786 2.302786 2.302786 2.302786
0.5424122 0.5424122 0.5424122 0.5424122 0.5424122 0.5424122 0.5940747 0.5940747 0.5940747 0.5940747 0.5940747 0.5940747 0.5940747 0.7602648 0.7602648 0.7602648 0.7602648 0.7602648 0.7602648 1.056665 1.056665 1.056665 1.056665 1.056665 1.056665 1.056665 1.102026 1.102026 1.102026 1.102026 1.102026 1.102026 1.433011 1.433011 1.433011 1.433011 1.433011 1.433011 1.433011 1.609994 1.609994 1.609994 1.609994 1.609994 1.609994 2.745862 2.745862 2.745862 2.745862 2.745862 2.745862 2.745862 2.700484 2.700484 2.700484 2.700484 2.700484 2.700484 2.302786 2.302786 2.302786 2.302786 2.302786
0.5424122 0.5424122 0.5424122 0.5424122 0.5424122 0.5424122 0.5940747 0.5940747 0.5940747 0.5940747 0.5940747 0.5940747 0.5940747 0.7602648 0.7602648 0.7602648 0.7602648 0.7602648 0.7602648 1.056665 1.056665 1.056665 1.056665 1.056665 1.056665 1.056665 1.102026 1.102026 1.102026 1.102026 1.102026 1.102026 1.433011 1.433011 1.433011 1.433011 1.433011 1.433011 1.433011 1.609994 1.609994 1.609994 1.609994 1.609994 1.609994 2.745862 2.745862 2.745862 2.745862 2.745862 2.745862 2.745862 2.700484 2.700484 2.700484 2.700484 2.700484 2.700484 2.302786 2.302786 2.302786 2.302786 2.302786
0.5424122 0.5424122 0.5424122 0.5424122 0.5424122 0.5424122 0.5940747 0.5940747 0.5940747 0.5940747 0.5940747 0.5940747 0.5940747 0.7602648 0.7602648 0.7602648 0.7602648 0.7602648 0.7602648 1.056665 1.056665 1.056665 1.056665 1.056665 1.056665 1.056665 1.102026 1.102026 1.102026 1.102026 1.102026 1.102026 1.433011 1.433011 1.433011 1.433011 1.433011 1.433011 1.433011 1.609994 1.609994 1.609994 1.609994 1.609994 1.609994 2.745862 2.745862 2.745862 2.745862 2.745862 2.745862 2.745862 2.700484 2.700484 2.700484 2.700484 2.700484 2.700484 2.302786 2.302786 2.302786 2.302786 2.302786
0.5424122 0.5424122 0.5424122 0.5424122 0.5424122 0.5424122 0.5940747 0.5940747 0.5940747 0.5940747 0.5940747 0.5940747 0.5940747 0.7602648 0.7602648 0.7602648 0.7602648 0.7602648 0.7602648 1.056665 1.056665 1.056665 1.056665 1.056665 1.056665 1.056665 1.102026 1.102026 1.102026 1.102026 1.102026 1.102026 1.433011 1.433011 1.433011 1.433011 1.433011 1.433011 1.433011 1.609994 1.609994 1.609994 1.609994 1.609994 1.609994 2.745862 2.745862 2.745862 2.745862 2.745862 2.745862 2.745862 2.700484 2.700484 2.700484 2.700484 2.700484 2.700484 2.302786 2.302786 2.302786 2.302786 2.302786
0.9993691 0.9993691 0.9993691 0.9993691 0.9993691 0.9993691 1.072285 1.072285 1.072285 1.072285 1.072285 1.072285 1.072285 0.6159346 0.6159346 0.6159346 0.6159346 0.6159346 0.6159346 0.6615308 0.6615308 0.6615308 0.6615308 0.6615308 0.6615308 0.6615308 0.666889 0.666889 0.666889 0.666889 0.666889 0.666889 1.23783 1.23783 1.23783 1.23783 1.23783 1.23783 1.23783 1.384803 1.384803 1.384803 1.384803 1.384803 1.384803 2.075552 2.075552 2.075552 2.075552 2.075552 2.075552 2.075552 2.516091 2.516091 2.516091 2.516091 2.516091 2.516091 1.900191 1.900191 1.900191 1.900191 1.900191
0.9993691 0.9993691 0.9993691 0.9993691 0.9993691 0.9993691 1.072285 1.072285 1.072285 1.072285 1.072285 1.072285 1.072285 0.6159346 0.6159346 0.6159346 0.6159346 0.6159346 0.6159346 0.6615308 0.6615308 0.6615308 0.6615308 0.6615308 0.6615308 0.6615308 0.666889 0.666889 0.666889 0.666889 0.666889 0.666889 1.23783 1.23783 1.23783 1.23783 1.23783 1.23783 1.23783 1.384803 1.384803 1.384803 1.384803 1.384803 1.384803 2.075552 2.075552 2.075552 2.075552 2.075552 2.075552 2.075552 2.516091 2.516091 2.516091 2.516091 2.516091 2.516091 1.900191 1.900191 1.900191 1.900191 1.900191
0.9993691 0.9993691 0.9993691 0.9993691 0.9993691 0.9993691 1.072285 1.072285 1.072285 1.072285 1.072285 1.072285 1.072285 0.6159346 0.6159346 0.6159346 0.6159346 0.6159346 0.6159346 0.6615308 0.6615308 0.6615308 0.6615308 0.6615308 0.6615308 0.6615308 0.666889 0.666889 0.666889 0.666889 0.666889 0.666889 1.23783 1.23783 1.23783 1.23783 1.23783 1.23783 1.23783 1.384803 1.384803 1.384803 1.384803 1.384803 1.384803 2.075552 2.075552 2.075552 2.075552 2.075552 2.075552 2.075552 2.516091 2.516091 2.516091 2.516091 2.516091 2.516091 1.900191 1.900191 1.900191 1.900191 1.900191
0.9993691 0.9993691 0.9993691 0.9993691 0.9993691 0.9993691 1.072285 1.072285 1.072285 1.072285 1.072285 1.072285 1.072285 0.6159346 0.6159346 0.6159346 0.6159346 0.6159346 0.6159346 0.6615308 0.6615308 0.6615308 0.6615308 0.6615308 0.6615308 0.6615308 0.666889 0.666889 0.666889 0.666889 0.666889 0.666889 1.23783 1.23783 1.23783 1.23783 1.23783 1.23783 1.23783 1.384803 1.384803 1.384803 1.384803 1.384803 1.384803 2.075552 2.075552 2.075552 2.075552 2.075552 2.075552 2.075552 2.516091 2.516091 2.516091 2.516091 2.516091 2.516091 1.900191 1.900191 1.900191 1.900191 1.900191
0.9993691 0.9993691 0.9993691 0.9993691 0.9993691 0.9993691 1.072285 1.072285 1.072285 1.072285 1.072285 1.072285 1.072285 0.6159346 0.6159346 0.6159346 0.6159346 0.6159346 0.6159346 0.6615308 0.6615308 0.6615308 0.6615308 0.6615308 0.6615308 0.6615308 0.666889 0.666889 0.666889 0.666889 0.666889 0.666889 1.23783 1.23783 1.23783 1.23783 1.23783 1.23783 1.23783 1.384803 1.384803 1.384803 1.384803 1.384803 1.384803 2.075552 2.075552 2.075552 2.075552 2.075552 2.075552 2.075552 2.516091 2.516091 2.516091 2.516091 2.516091 2.516091 1.900191 1.900191 1.900191 1.900191 1.900191
0.9993691 0.9993691 0.9993691 0.9993691 0.9993691 0.9993691 1.072285 1.072285 1.072285 1.072285 1.072285 1.072285 1.072285 0.6159346 0.6159346 0.6159346 0.6159346 0.6159346 0.6159346 0.6615308 0.6615308 0.6615308 0.6615308 0.6615308 0.6615308 0.6615308 0.666889 0.666889 0.666889 0.666889 0.666889 0.666889 1.23783 1.23783 1.23783 1.23783 1.23783 1.23783 1.23783 1.384803 1.384803 1.384803 1.384803 1.384803 1.384803 2.075552 2.075552 2.075552 2.075552 2.075552 2.075552 2.075552 2.516091 2.516091 2.516091 2.516091 2.516091 2.516091 1.900191 1.900191 1.900191 1.900191 1.900191
0.9993691 0.9993691 0.9993691 0.9993691 0.9993691 0.9993691 1.072285 1.072285 1.072285 1.072285 1.072285 1.072285 1.072285 0.6159346 0.6159346 0.6159346 0.6159346 0.6159346 0.6159346 0.6615308 0.6615308 0.6615308 0.6615308 0.6615308 0.6615308 0.6615308 0.666889 0.666889 0.666889 0.666889 0.666889 0.666889 1.23783 1.23783 1.23783 1.23783 1.23783 1.23783 1.23783 1.384803 1.384803 1.384803 1.384803 1.384803 1.384803 2.075552 2.075552 2.075552 2.075552 2.075552 2.075552 2.075552 2.516091 2.516091 2.516091 2.516091 2.516091 2.516091 1.900191 1.900191 1.900191 1.900191 1.900191
1.781085 1.781085 1.781085 1.781085 1.781085 1.781085 1.154096 1.154096 1.154096 1.154096 1.154096 1.154096 1.154096 0.5831774 0.5831774 0.5831774 0.5831774 0.5831774 0.5831774 0.9947194 0.9947194 0.9947194 0.9947194 0.9947194 0.9947194 0.9947194 0.8059058 0.8059058 0.8059058 0.8059058 0.8059058 0.8059058 1.4581 1.4581 1.4581 1.4581 1.4581 1.4581 1.4581 1.185524 1.185524 1.185524 1.185524 1.185524 1.185524 1.046773 1.046773 1.046773 1.046773 1.046773 1.046773 1.046773 1.652661 1.652661 1.652661 1.652661 1.652661 1.652661 1.524999 1.524999 1.524999 1.524999 1.524999
1.781085 1.781085 1.781085 1.781085 1.781085 1.781085 1.154096 1.154096 1.154096 1.154096 1.154096 1.154096 1.154096 0.5831774 0.5831774 0.5831774 0.5831774 0.5831774 0.5831774 0.9947194 0.9947194 0.9947194 0.9947194 0.9947194 0.9947194 0.9947194 0.8059058 0.8059058 0.8059058 0.8059058 0.8059058 0.8059058 1.4581 1.4581 1.4581 1.4581 1.4581 1.4581 1.4581 1.185524 1.185524 1.185524 1.185524 1.185524 1.185524 1.046773 1.046773 1.046773 1.046773 1.046773 1.046773 1.046773 1.652661 1.652661 1.652661 1.652661 1.652661 1.652661 1.524999 1.524999 1.524999 1.524999 1.524999
1.781085 1.781085 1.781085 1.781085 1.781085 1.781085 1.154096 1.154096 1.154096 1.154096 1.154096 1.154096 1.154096 0.5831774 0.5831774 0.5831774 0.5831774 0.5831774 0.5831774 0.9947194 0.9947194 0.9947194 0.9947194 0.9947194 0.9947194 0.9947194 0.8059058 0.8059058 0.8059058 0.8059058 0.8059058 0.8059058 1.4581 1.4581 1.4581 1.4581 1.4581 1.4581 1.4581 1.185524 1.185524 1.185524 1.185524 1.185524 1.185524 1.046773 1.046773 1.046773 1.046773 1.046773 1.046773 1.046773 1.652661 1.652661 1.652661 1.652661 1.652661 1.652661 1.524999 1.524999 1.524999 1.524999 1.524999
1.781085 1.781085 1.781085 1.781085 1.781085 1.781085 1.154096 1.154096 1.154096 1.154096 1.154096 1.154096 1.154096 0.5831774 0.5831774 0.5831774 0.5831774 0.5831774 0.5831774 0.9947194 0.9947194 0.9947194 0.9947194 0.9947194 0.9947194 0.9947194 0.8059058 0.8059058 0.8059058 0.8059058 0.8059058 0.8059058 1.4581 1.4581 1.4581 1.4581 1.4581 1.4581 1.4581 1.185524 1.185524 1.185524 1.185524 1.185524 1.185524 1.046773 1.046773 1.046773 1.046773 1.046773 1.046773 1.046773 1.652661 1.652661 1.652661 1.652661 1.652661 1.652661 1.524999 1.524999 1.524999 1.524999 1.524999
1.781085 1.781085 1.781085 1.781085 1.781085 1.781085 1.154096 1.154096 1.154096 1.154096 1.154096 1.154096 1.154096 0.5831774 0.5831774 0.5831774 0.5831774 0.5831774 0.5831774 0.9947194 0.9947194 0.9947194 0.9947194 0.9947194 0.9947194 0.9947194 0.8059058 0.8059058 0.8059058 0.8059058 0.8059058 0.8059058 1.4581 1.4581 1.4581 1.4581 1.4581 1.4581 1.4581 1.185524 1.185524 1.185524 1.185524 1.185524 1.185524 1.046773 1.046773 1.046773 1.046773 1.046773 1.046773 1.046773 1.652661 1.652661 1.652661 1.652661 1.652661 1.652661 1.524999 1.524999 1.524999 1.524999 1.524999
1.781085 1.781085 1.781085 1.781085 1.781085 1.781085 1.154096 1.154096 1.154096 1.154096 1.154096 1.154096 1.154096 0.5831774 0.5831774 0.5831774 0.5831774 0.5831774 0.5831774 0.9947194 0.9947194 0.9947194 0.9947194 0.9947194 0.9947194 0.9947194 0.8059058 0.8059058 0.8059058 0.8059058 0.8059058 0.8059058 1.4581 1.4581 1.4581 1.4581 1.4581 1.4581 1.4581 1.185524 1.185524 1.185524 1.185524 1.185524 1.185524 1.046773 1.046773 1.046773 1.046773 1.046773 1.046773 1.046773 1.652661 1.652661 1.652661 1.652661 1.652661 1.652661 1.524999 1.524999 1.524999 1.524999 1.524999
2.189205 2.189205 2.189205 2.189205 2.189205 2.189205 0.8671041 0.8671041 0.8671041 0.8671041 0.8671041 0.8671041 0.8671041 0.709751 0.709751 0.709751 0.709751 0.709751 0.709751 0.889217 0.889217 0.889217 0.889217 0.889217 0.889217 0.889217 0.7401866 0.7401866 0.7401866 0.7401866 0.7401866 0.7401866 0.8904796 0.8904796 0.8904796 0.8904796 0.8904796 0.8904796 0.8904796 0.8589779 0.8589779 0.8589779 0.8589779 0.8589779 0.8589779 0.906535 0.906535 0.906535 0.906535 0.906535 0.906535 0.906535 0.9798834 0.9798834 0.9798834 0.9798834 0.9798834 0.9798834 1.031292 1.031292 1.031292 1.031292 1.031292
2.189205 2.189205 2.189205 2.189205 2.189205 2.189205 0.8671041 0.8671041 0.8671041 0.8671041 0.8671041 0.8671041 0.8671041 0.709751 0.709751 0.709751 0.709751 0.709751 0.709751 0.889217 0.889217 0.889217 0.889217 0.889217 0.889217 0.889217 0.7401866 0.7401866 0.7401866 0.7401866 0.7401866 0.7401866 0.8904796 0.8904796 0.8904796 0.8904796 0.8904796 0.8904796 0.8904796 0.8589779 0.8589779 0.8589779 0.8589779 0.8589779 0.8589779 0.906535 0.906535 0.906535 0.906535 0.906535 0.906535 0.906535 0.9798834 0.9798834 0.9798834 0.9798834 0.9798834 0.9798834 1.031292 1.031292 1.031292 1.031292 1.031292
2.189205 2.189205 2.189205 2.189205 2.189205 2.189205 0.8671041 0.8671041 0.8671041 0.8671041 0.8671041 0.8671041 0.8671041 0.709751 0.709751 0.709751 0.709751 0.709751 0.709751 0.889217 0.889217 0.889217 0.889217 0.889217 0.889217 0.889217 0.7401866 0.7401866 0.7401866 0.7401866 0.7401866 0.7401866 0.8904796 0.8904796 0.8904796 0.8904796 0.8904796 0.8904796 0.8904796 0.8589779 0.8589779 0.8589779 0.8589779 0.8589779 0.8589779 0.906535 0.906535 0.906535 0.906535 0.906535 0.906535 0.906535 0.9798834 0.9798834 0.9798834 0.9798834 0.9798834 0.9798834 1.031292 1.031292 1.031292 1.031292 1.031292
2.189205 2.189205 2.189205 2.189205 2.189205 2.189205 0.8671041 0.8671041 0.8671041 0.8671041 0.8671041 0.8671041 0.8671041 0.709751 0.709751 0.709751 0.709751 0.709751 0.709751 0.889217 0.889217 0.889217 0.889217 0.889217 0.889217 0.889217 0.7401866 0.7401866 0.7401866 0.7401866 0.7401866 0.7401866 0.8904796 0.8904796 0.8904796 0.8904796 0.8904796 0.8904796 0.8904796 0.8589779 0.8589779 0.8589779 0.8589779 0.8589779 0.8589779 0.906535 0.906535 0.906535 0.906535 0.906535 0.906535 0.906535 0.9798834 0.9798834 0.9798834 0.9798834 0.9798834 0.9798834 1.031292 1.031292 1.031292 1.031292 1.031292
