unicor_wind/u_5km.txt_ones_5km.txt_XY_WBP.csv_asymmetric_WindCost_TO_.addedpaths.txt
ncols 201
nrows 169
xllcorner -510611.31198849
yllcorner -29945.202644741
cellsize 5000
NODATA_value -9999
[rows 72 to 107 of 169, columns 0 to 80 of 201]
0.0 0.0 0.0 0.0 0.0 25.0 0.0 0.0 0.0 0.0 0.0 0.0 1.0 0.0 0.0 0.0 0.0 0.0 0.0 0.0 0.0 0.0 0.0 0.0 0.0 0.0 0.0 0.0 0.0 1.0 867.0 300.0 9.0 2.0 2.0 0.0 54.0 67.0 103.0 167.0 0.0 1.0 1.0 1.0 6.0 2177.0 127.0 7.0 165.0 169.0 391.0 209.0 259.0 117.0 147.0 5.0 106.0 518.0 9092.0 1715.0 1183.0 1031.0 762.0 931.0 927.0 11264.0 4611.0 1392.0 1829.0 2150.0 8591.0 476.0 466.0 849.0 438.0 152.0 540.0 16979.0 95.0 137.0 120.0
0.0 0.0 0.0 0.0 0.0 25.0 0.0 0.0 0.0 0.0 0.0 0.0 1.0 0.0 0.0 0.0 0.0 0.0 0.0 0.0 0.0 0.0 0.0 0.0 0.0 0.0 0.0 0.0 1.0 867.0 296.0 4.0 9.0 2.0 2.0 54.0 67.0 103.0 53.0 114.0 1.0 1.0 1.0 6.0 1.0 2178.0 132.0 118.0 166.0 194.0 182.0 1339.0 910.0 884.0 716.0 709.0 1206.0 872.0 10080.0 993.0 1252.0 1085.0 835.0 865.0 2115.0 2003.0 11597.0 5970.0 1223.0 1071.0 9724.0 40.0 464.0 405.0 931.0 361.0 126.0 17166.0 58.0 36.0 294.0
0.0 0.0 0.0 0.0 0.0 25.0 0.0 0.0 0.0 0.0 0.0 0.0 1.0 0.0 0.0 0.0 0.0 0.0 0.0 0.0 0.0 0.0 0.0 0.0 0.0 0.0 0.0 1.0 867.0 296.0 0.0 4.0 9.0 2.0 56.0 67.0 103.0 53.0 0.0 115.0 1.0 1.0 6.0 1.0 2.0 2183.0 235.0 125.0 199.0 44.0 1396.0 982.0 1018.0 775.0 776.0 1209.0 777.0 783.0 10111.0 1013.0 1041.0 1157.0 901.0 2345.0 2671.0 3231.0 2004.0 11505.0 4859.0 870.0 9562.0 894.0 77.0 467.0 687.0 802.0 265.0 17085.0 175.0 298.0 905.0
0.0 0.0 0.0 0.0 0.0 25.0 0.0 0.0 0.0 0.0 0.0 0.0 1.0 0.0 0.0 0.0 0.0 0.0 0.0 0.0 0.0 0.0 0.0 0.0 0.0 0.0 1.0 867.0 296.0 0.0 0.0 4.0 9.0 56.0 69.0 103.0 53.0 0.0 1.0 115.0 1.0 6.0 1.0 2.0 63.0 2223.0 241.0 168.0 51.0 371.0 1286.0 2030.0 1478.0 1583.0 2002.0 1537.0 1498.0 1424.0 10752.0 1781.0 1767.0 1648.0 2254.0 1999.0 2097.0 4061.0 2314.0 1530.0 11007.0 4726.0 9809.0 506.0 941.0 229.0 657.0 460.0 822.0 17085.0 489.0 1054.0 408.0
0.0 0.0 0.0 0.0 0.0 25.0 0.0 0.0 0.0 0.0 0.0 0.0 1.0 0.0 0.0 0.0 0.0 0.0 0.0 0.0 0.0 0.0 0.0 0.0 0.0 1.0 867.0 296.0 0.0 0.0 0.0 4.0 118.0 69.0 105.0 53.0 0.0 1.0 1.0 115.0 6.0 1.0 2.0 63.0 17.0 2308.0 307.0 4.0 1342.0 980.0 2134.0 1688.0 1601.0 1959.0 1662.0 1568.0 1472.0 1430.0 10770.0 1736.0 1831.0 2289.0 1850.0 2206.0 2277.0 3082.0 2526.0 1922.0 1232.0 11240.0 13836.0 503.0 634.0 927.0 230.0 479.0 455.0 17777.0 1087.0 554.0 146.0
0.0 0.0 0.0 0.0 0.0 25.0 0.0 0.0 0.0 0.0 0.0 0.0 1.0 0.0 0.0 0.0 0.0 0.0 0.0 0.0 551.0 705.0 868.0 931.0 990.0 1163.0 296.0 0.0 0.0 0.0 0.0 113.0 21.0 105.0 55.0 0.0 1.0 1.0 1.0 752.0 633.0 634.0 695.0 649.0 649.0 3609.0 1271.0 1490.0 1375.0 1475.0 1358.0 1322.0 1707.0 1364.0 1297.0 1407.0 1366.0 1350.0 10563.0 1546.0 2085.0 1758.0 1622.0 1771.0 1384.0 3553.0 3486.0 5157.0 6089.0 6996.0 22309.0 9592.0 543.0 523.0 1073.0 105.0 596.0 18841.0 404.0 211.0 328.0
0.0 0.0 0.0 0.0 21.0 4.0 0.0 0.0 0.0 0.0 0.0 0.0 1.0 551.0 551.0 551.0 551.0 551.0 551.0 551.0 154.0 163.0 63.0 59.0 174.0 0.0 0.0 0.0 0.0 0.0 112.0 13.0 732.0 676.0 624.0 627.0 629.0 630.0 752.0 1.0 2.0 63.0 17.0 17.0 2977.0 0.0 474.0 236.0 332.0 63.0 270.0 687.0 122.0 99.0 168.0 25.0 139.0 140.0 9443.0 781.0 696.0 804.0 836.0 461.0 60.0 1498.0 414.0 445.0 217.0 280.0 571.0 22003.0 9668.0 655.0 588.0 1229.0 1126.0 5412.0 13293.0 201.0 234.0
0.0 0.0 0.0 17.0 4.0 4.0 0.0 0.0 0.0 0.0 0.0 0.0 552.0 162.0 162.0 162.0 162.0 162.0 162.0 162.0 171.0 71.0 67.0 182.0 8.0 8.0 8.0 8.0 8.0 1065.0 625.0 736.0 74.0 13.0 13.0 7.0 5.0 9.0 115.0 2.0 63.0 17.0 17.0 2430.0 547.0 341.0 360.0 276.0 65.0 63.0 725.0 313.0 60.0 89.0 85.0 104.0 77.0 244.0 9621.0 812.0 868.0 1045.0 426.0 191.0 51.0 1387.0 419.0 439.0 197.0 1333.0 1197.0 2825.0 19225.0 9720.0 684.0 1532.0 1443.0 4318.0 1110.0 14253.0 74.0
0.0 0.0 17.0 0.0 4.0 4.0 91.0 91.0 91.0 91.0 91.0 552.0 163.0 165.0 165.0 165.0 165.0 165.0 165.0 165.0 65.0 61.0 176.0 2.0 2.0 2.0 2.0 2.0 16.0 30.0 427.0 54.0 9.0 3.0 3.0 1.0 6.0 1.0 116.0 63.0 17.0 17.0 2385.0 45.0 888.0 226.0 398.0 12.0 67.0 541.0 330.0 258.0 78.0 24.0 71.0 113.0 209.0 130.0 9861.0 837.0 1301.0 668.0 126.0 124.0 79.0 1407.0 300.0 455.0 483.0 179.0 563.0 4460.0 611.0 18799.0 10653.0 849.0 535.0 4922.0 744.0 874.0 13835.0
0.0 0.0 17.0 0.0 4.0 95.0 99.0 99.0 99.0 99.0 462.0 161.0 166.0 64.0 64.0 64.0 64.0 64.0 64.0 64.0 60.0 175.0 1.0 1.0 1.0 1.0 1.0 10.0 16.0 131.0 70.0 298.0 13.0 6.0 5.0 8.0 3.0 4.0 179.0 19.0 19.0 2387.0 2.0 229.0 934.0 265.0 139.0 15.0 550.0 149.0 304.0 257.0 52.0 69.0 1073.0 829.0 836.0 840.0 10718.0 1741.0 1407.0 1069.0 667.0 718.0 621.0 2003.0 1859.0 1793.0 1369.0 1308.0 1782.0 3972.0 2016.0 1437.0 18855.0 9803.0 744.0 4049.0 1470.0 792.0 1031.0
0.0 0.0 17.0 0.0 95.0 103.0 2.0 2.0 2.0 365.0 162.0 167.0 67.0 76.0 76.0 76.0 76.0 76.0 76.0 77.0 192.0 18.0 18.0 18.0 18.0 18.0 21.0 24.0 1060.0 60.0 13.0 176.0 144.0 4.0 10.0 3.0 4.0 65.0 133.0 19.0 2387.0 2.0 181.0 223.0 1024.0 3.0 139.0 495.0 155.0 120.0 300.0 254.0 46.0 155.0 1140.0 923.0 786.0 737.0 11518.0 1377.0 1130.0 902.0 857.0 718.0 628.0 2168.0 1116.0 1094.0 683.0 852.0 1215.0 4140.0 2331.0 2024.0 210.0 18669.0 10168.0 3729.0 978.0 1569.0 798.0
0.0 0.0 17.0 92.0 105.0 6.0 0.0 187.0 371.0 166.0 173.0 73.0 75.0 64.0 64.0 64.0 64.0 64.0 123.0 180.0 6.0 6.0 11.0 11.0 16.0 16.0 13.0 3.0 61.0 916.0 1.0 185.0 10.0 141.0 3.0 2.0 63.0 17.0 131.0 2385.0 0.0 179.0 172.0 1148.0 1510.0 828.0 1444.0 929.0 959.0 957.0 1113.0 1035.0 936.0 1003.0 971.0 1043.0 1019.0 1033.0 12178.0 1586.0 1504.0 1496.0 1232.0 1410.0 1288.0 3922.0 2527.0 2722.0 2685.0 2502.0 3756.0 7900.0 6534.0 7331.0 7921.0 7745.0 25585.0 29078.0 787.0 872.0 1391.0
0.0 0.0 1063.0 1042.0 946.0 945.0 260.0 245.0 219.0 228.0 126.0 126.0 126.0 61.0 61.0 61.0 61.0 120.0 119.0 61.0 61.0 66.0 61.0 66.0 61.0 61.0 63.0 117.0 66.0 67.0 974.0 218.0 403.0 208.0 342.0 324.0 277.0 276.0 2712.0 351.0 530.0 523.0 493.0 464.0 1311.0 663.0 408.0 255.0 310.0 256.0 453.0 417.0 454.0 310.0 273.0 199.0 355.0 387.0 11141.0 435.0 568.0 341.0 179.0 313.0 1586.0 1635.0 330.0 472.0 288.0 386.0 783.0 4691.0 1244.0 1101.0 923.0 765.0 869.0 9678.0 29324.0 18456.0 18867.0
0.0 0.0 1064.0 953.0 948.0 1134.0 1121.0 229.0 220.0 118.0 118.0 117.0 54.0 53.0 53.0 53.0 112.0 111.0 53.0 53.0 58.0 53.0 59.0 54.0 54.0 55.0 109.0 53.0 59.0 60.0 54.0 814.0 229.0 83.0 172.0 246.0 213.0 781.0 1891.0 189.0 182.0 152.0 10.0 151.0 1357.0 179.0 211.0 87.0 106.0 77.0 299.0 302.0 315.0 104.0 61.0 91.0 143.0 199.0 11017.0 1533.0 1113.0 1000.0 884.0 2169.0 800.0 2301.0 903.0 1094.0 871.0 1081.0 2307.0 5604.0 2304.0 2160.0 1760.0 1838.0 1923.0 1931.0 10442.0 12810.0 1989.0
0.0 0.0 9.0 7.0 1162.0 1138.0 1120.0 1126.0 161.0 129.0 128.0 64.0 65.0 74.0 74.0 1119.0 224.0 166.0 166.0 166.0 161.0 166.0 160.0 160.0 161.0 216.0 160.0 161.0 166.0 167.0 165.0 160.0 1080.0 239.0 189.0 216.0 777.0 100.0 1951.0 201.0 171.0 29.0 43.0 597.0 1019.0 133.0 261.0 67.0 112.0 113.0 358.0 349.0 292.0 72.0 136.0 160.0 120.0 94.0 12100.0 1994.0 1966.0 1762.0 2790.0 1529.0 1442.0 2777.0 1726.0 1721.0 1742.0 1724.0 2562.0 6524.0 2852.0 2632.0 2277.0 2344.0 2470.0 2483.0 2383.0 10838.0 12955.0
0.0 0.0 9.0 96.0 1160.0 2083.0 1494.0 1340.0 1096.0 220.0 103.0 103.0 110.0 101.0 101.0 158.0 980.0 100.0 100.0 100.0 105.0 100.0 100.0 101.0 156.0 100.0 101.0 101.0 106.0 111.0 101.0 101.0 488.0 720.0 137.0 569.0 44.0 147.0 2096.0 148.0 6.0 20.0 447.0 220.0 960.0 115.0 170.0 66.0 108.0 132.0 365.0 284.0 226.0 100.0 164.0 96.0 70.0 269.0 11037.0 1399.0 1407.0 2560.0 908.0 907.0 794.0 2339.0 1048.0 1599.0 1241.0 1063.0 1880.0 5118.0 2923.0 2121.0 1859.0 1811.0 1937.0 1987.0 2056.0 2067.0 10542.0
0.0 0.0 1066.0 1049.0 1034.0 2102.0 2016.0 1474.0 1836.0 1524.0 202.0 110.0 103.0 108.0 1153.0 174.0 174.0 1054.0 174.0 174.0 169.0 169.0 169.0 224.0 168.0 169.0 169.0 169.0 177.0 174.0 168.0 231.0 498.0 239.0 1075.0 146.0 19.0 112.0 2247.0 6.0 20.0 447.0 94.0 190.0 954.0 80.0 163.0 56.0 183.0 161.0 322.0 234.0 289.0 143.0 122.0 68.0 267.0 198.0 11008.0 1265.0 3694.0 1878.0 1686.0 1547.0 1498.0 2876.0 1999.0 2106.0 1893.0 1621.0 1308.0 5343.0 1667.0 2021.0 1255.0 1323.0 1323.0 1344.0 1613.0 1774.0 1828.0
0.0 0.0 1064.0 1027.0 2022.0 1991.0 3004.0 2366.0 1639.0 1959.0 2572.0 1012.0 130.0 125.0 125.0 1031.0 125.0 125.0 1005.0 125.0 125.0 125.0 181.0 125.0 126.0 126.0 126.0 129.0 131.0 132.0 188.0 129.0 450.0 331.0 21.0 700.0 118.0 13.0 2113.0 139.0 443.0 90.0 60.0 188.0 905.0 67.0 180.0 98.0 180.0 149.0 268.0 292.0 339.0 95.0 92.0 263.0 194.0 179.0 11158.0 1651.0 1596.0 2343.0 1671.0 1794.0 1516.0 3250.0 2015.0 2968.0 2298.0 2116.0 2040.0 5741.0 2268.0 2231.0 2285.0 1870.0 1948.0 2033.0 1903.0 2293.0 1978.0
0.0 0.0 1058.0 987.0 2042.0 1970.0 3576.0 5603.0 7028.0 7863.0 8625.0 10277.0 11159.0 1.0 1.0 1.0 907.0 1.0 1.0 881.0 1.0 57.0 1.0 2.0 2.0 2.0 4.0 1.0 6.0 69.0 5.0 5.0 575.0 14.0 16.0 234.0 588.0 6.0 2128.0 443.0 213.0 62.0 64.0 154.0 844.0 1076.0 1688.0 1206.0 1219.0 1149.0 1437.0 1420.0 1381.0 1141.0 1366.0 1269.0 1254.0 1420.0 17377.0 5266.0 6321.0 6995.0 7654.0 7634.0 8587.0 9335.0 7960.0 8546.0 8659.0 8440.0 8457.0 12311.0 8708.0 8772.0 8329.0 8605.0 8191.0 8101.0 8628.0 8429.0 8737.0
0.0 0.0 0.0 0.0 0.0 1058.0 811.0 811.0 811.0 811.0 811.0 811.0 811.0 11923.0 11407.0 11371.0 11371.0 12277.0 12231.0 11517.0 13412.0 13145.0 13143.0 13142.0 13125.0 13124.0 4337.0 4210.0 4272.0 4212.0 4204.0 4249.0 2272.0 2143.0 2281.0 2062.0 2053.0 3958.0 3268.0 2380.0 2349.0 2472.0 2326.0 2430.0 3292.0 2389.0 3792.0 3328.0 3227.0 3270.0 3514.0 3673.0 3594.0 3755.0 3698.0 3635.0 3762.0 16323.0 342.0 331.0 439.0 1419.0 424.0 1751.0 391.0 2470.0 677.0 1441.0 215.0 152.0 83.0 4286.0 584.0 551.0 292.0 333.0 957.0 539.0 532.0 501.0 372.0
0.0 0.0 0.0 0.0 0.0 0.0 0.0 0.0 0.0 0.0 0.0 0.0 0.0 46.0 523.0 89.0 89.0 65.0 111.0 714.0 140.0 280.0 100.0 80.0 96.0 80.0 8786.0 337.0 117.0 120.0 117.0 64.0 2179.0 264.0 125.0 44.0 1187.0 652.0 1750.0 116.0 115.0 78.0 181.0 175.0 1084.0 1166.0 1407.0 648.0 702.0 620.0 758.0 887.0 259.0 177.0 188.0 307.0 6534.0 6695.0 296.0 217.0 587.0 361.0 889.0 414.0 489.0 2722.0 2048.0 302.0 268.0 115.0 162.0 4148.0 589.0 535.0 279.0 426.0 512.0 841.0 718.0 453.0 419.0
0.0 0.0 0.0 0.0 0.0 0.0 0.0 0.0 0.0 0.0 0.0 0.0 0.0 0.0 39.0 473.0 41.0 65.0 65.0 111.0 602.0 140.0 266.0 100.0 64.0 80.0 147.0 8693.0 416.0 148.0 146.0 144.0 1439.0 2079.0 160.0 1045.0 872.0 548.0 899.0 644.0 42.0 30.0 17.0 240.0 1204.0 123.0 850.0 811.0 518.0 215.0 321.0 641.0 178.0 190.0 332.0 6345.0 439.0 6732.0 194.0 383.0 441.0 796.0 407.0 397.0 322.0 2062.0 878.0 1416.0 144.0 190.0 155.0 4182.0 413.0 638.0 336.0 357.0 419.0 458.0 1183.0 552.0 245.0
0.0 0.0 0.0 0.0 0.0 0.0 0.0 0.0 0.0 0.0 0.0 0.0 0.0 0.0 0.0 36.0 436.0 52.0 52.0 65.0 111.0 518.0 196.0 326.0 196.0 1202.0 435.0 369.0 8718.0 674.0 368.0 460.0 641.0 885.0 2626.0 734.0 685.0 301.0 915.0 60.0 608.0 32.0 30.0 148.0 1393.0 71.0 1299.0 703.0 704.0 440.0 578.0 592.0 165.0 308.0 6406.0 251.0 349.0 6749.0 380.0 237.0 887.0 413.0 374.0 289.0 379.0 1749.0 437.0 785.0 1295.0 100.0 276.0 4045.0 547.0 540.0 381.0 226.0 415.0 520.0 737.0 876.0 381.0
0.0 0.0 0.0 0.0 0.0 0.0 0.0 0.0 0.0 0.0 0.0 0.0 0.0 0.0 0.0 0.0 32.0 386.0 26.0 52.0 65.0 111.0 378.0 168.0 278.0 176.0 770.0 98.0 87.0 8327.0 516.0 69.0 520.0 644.0 1139.0 2378.0 505.0 395.0 849.0 32.0 16.0 575.0 20.0 126.0 1255.0 233.0 432.0 680.0 722.0 857.0 744.0 661.0 316.0 6259.0 377.0 190.0 310.0 6971.0 259.0 692.0 493.0 381.0 367.0 326.0 56.0 1755.0 342.0 383.0 684.0 1311.0 162.0 4078.0 563.0 622.0 92.0 335.0 432.0 448.0 682.0 470.0 721.0
0.0 0.0 0.0 0.0 0.0 0.0 0.0 0.0 0.0 0.0 0.0 0.0 0.0 0.0 0.0 0.0 0.0 30.0 380.0 26.0 52.0 65.0 111.0 266.0 294.0 250.0 179.0 760.0 622.0 746.0 8772.0 9053.0 789.0 558.0 1296.0 1305.0 3485.0 652.0 1297.0 15.0 22.0 28.0 583.0 124.0 1332.0 157.0 468.0 79.0 932.0 813.0 990.0 1010.0 6163.0 449.0 288.0 118.0 505.0 6904.0 727.0 296.0 460.0 374.0 404.0 104.0 0.0 1702.0 369.0 313.0 344.0 635.0 1806.0 3907.0 666.0 446.0 234.0 202.0 467.0 1282.0 607.0 440.0 277.0
0.0 0.0 0.0 0.0 0.0 0.0 0.0 0.0 0.0 0.0 0.0 0.0 0.0 0.0 0.0 0.0 0.0 0.0 10.0 380.0 26.0 52.0 65.0 111.0 28.0 182.0 253.0 176.0 353.0 89.0 87.0 68.0 9696.0 541.0 339.0 2253.0 1536.0 3384.0 3250.0 3729.0 3677.0 3667.0 3653.0 4583.0 4861.0 4057.0 4291.0 4367.0 4184.0 4790.0 5263.0 10923.0 4695.0 4293.0 4097.0 4387.0 8124.0 7306.0 4192.0 4174.0 4305.0 4128.0 3915.0 3775.0 3846.0 5437.0 4078.0 3995.0 3998.0 4025.0 3981.0 9187.0 5075.0 5223.0 4905.0 4959.0 5094.0 5173.0 5251.0 5231.0 5489.0
0.0 0.0 0.0 0.0 0.0 0.0 0.0 0.0 0.0 0.0 0.0 0.0 0.0 0.0 0.0 0.0 0.0 0.0 0.0 10.0 380.0 26.0 52.0 65.0 111.0 28.0 189.0 367.0 176.0 236.0 87.0 85.0 1674.0 10564.0 936.0 976.0 2205.0 1395.0 2559.0 601.0 660.0 604.0 819.0 876.0 2312.0 1595.0 1215.0 997.0 1158.0 2168.0 6682.0 2289.0 1765.0 1367.0 1498.0 4857.0 1857.0 4038.0 1240.0 1150.0 1316.0 1125.0 1075.0 1925.0 1545.0 3318.0 1751.0 1701.0 1845.0 1672.0 1890.0 5077.0 2560.0 1921.0 1627.0 1711.0 1925.0 1482.0 1872.0 1903.0 1734.0
0.0 0.0 0.0 0.0 0.0 0.0 0.0 0.0 0.0 0.0 0.0 0.0 0.0 0.0 0.0 0.0 0.0 0.0 0.0 0.0 10.0 380.0 26.0 52.0 65.0 111.0 1074.0 1013.0 1077.0 1012.0 1062.0 915.0 1987.0 1397.0 10311.0 2054.0 1288.0 2754.0 2116.0 1215.0 694.0 931.0 939.0 1154.0 1751.0 1509.0 1680.0 962.0 1233.0 6770.0 2156.0 2001.0 1565.0 1957.0 5183.0 1609.0 2462.0 5297.0 2056.0 2065.0 2146.0 1998.0 2047.0 1990.0 2081.0 3672.0 2158.0 2139.0 2161.0 2217.0 2068.0 5625.0 2416.0 3064.0 2135.0 2265.0 2078.0 2028.0 2110.0 2323.0 2396.0
0.0 0.0 0.0 0.0 0.0 0.0 0.0 0.0 0.0 0.0 0.0 0.0 0.0 0.0 0.0 0.0 0.0 0.0 0.0 0.0 0.0 10.0 380.0 26.0 52.0 65.0 111.0 103.0 190.0 261.0 188.0 238.0 2243.0 2066.0 1344.0 10491.0 1979.0 906.0 2545.0 1120.0 1291.0 854.0 938.0 803.0 2735.0 1972.0 1891.0 1951.0 6759.0 1899.0 2267.0 2134.0 2190.0 5664.0 2421.0 1926.0 2753.0 4758.0 1992.0 1769.0 1944.0 1863.0 1862.0 1886.0 2800.0 3931.0 2578.0 2498.0 2643.0 2406.0 2438.0 5754.0 2793.0 2774.0 3139.0 2201.0 2374.0 2398.0 2321.0 2439.0 2909.0
0.0 0.0 0.0 0.0 0.0 0.0 0.0 0.0 0.0 0.0 0.0 0.0 0.0 0.0 0.0 0.0 0.0 0.0 0.0 0.0 0.0 0.0 10.0 380.0 26.0 52.0 65.0 111.0 95.0 203.0 256.0 298.0 767.0 1298.0 1328.0 1130.0 10091.0 1113.0 1025.0 1332.0 887.0 784.0 184.0 492.0 1321.0 906.0 1219.0 5305.0 2166.0 1304.0 717.0 1721.0 4771.0 1443.0 1238.0 1284.0 1034.0 4340.0 1047.0 989.0 1076.0 1016.0 1071.0 1079.0 1075.0 2469.0 1197.0 1202.0 1973.0 1541.0 1691.0 4895.0 1905.0 2091.0 1387.0 2030.0 1625.0 1429.0 1601.0 1782.0 1614.0
0.0 0.0 0.0 0.0 0.0 0.0 0.0 0.0 0.0 0.0 0.0 0.0 0.0 0.0 0.0 0.0 0.0 0.0 0.0 0.0 0.0 0.0 0.0 10.0 380.0 26.0 52.0 65.0 111.0 94.0 298.0 352.0 1597.0 597.0 1728.0 1789.0 1234.0 10212.0 1784.0 1371.0 1280.0 651.0 729.0 316.0 1352.0 554.0 5479.0 1078.0 1043.0 1421.0 1314.0 4345.0 1315.0 990.0 1036.0 851.0 1205.0 3893.0 777.0 556.0 1563.0 1025.0 1114.0 1037.0 1149.0 2162.0 1263.0 1119.0 994.0 1097.0 1025.0 4182.0 1634.0 1142.0 923.0 997.0 1593.0 989.0 1167.0 1040.0 1357.0
0.0 0.0 0.0 0.0 0.0 0.0 0.0 0.0 0.0 0.0 0.0 0.0 0.0 0.0 0.0 0.0 0.0 0.0 0.0 0.0 0.0 0.0 0.0 0.0 10.0 380.0 26.0 52.0 65.0 1161.0 1153.0 1157.0 1602.0 1521.0 1251.0 2304.0 2983.0 2996.0 12344.0 757.0 829.0 1304.0 686.0 915.0 1500.0 5061.0 1703.0 1801.0 922.0 1248.0 1569.0 5136.0 377.0 969.0 758.0 849.0 941.0 2968.0 873.0 568.0 1393.0 667.0 353.0 446.0 404.0 1330.0 386.0 299.0 442.0 270.0 470.0 51927.0 50561.0 51982.0 52560.0 53319.0 54734.0 56244.0 56138.0 57521.0 57810.0
0.0 0.0 0.0 0.0 0.0 0.0 0.0 0.0 0.0 0.0 0.0 0.0 0.0 0.0 0.0 0.0 0.0 0.0 0.0 0.0 0.0 0.0 0.0 0.0 0.0 10.0 380.0 26.0 52.0 1110.0 948.0 962.0 741.0 1400.0 1069.0 947.0 1530.0 1579.0 3695.0 14906.0 11634.0 11596.0 12531.0 13184.0 17835.0 16946.0 17008.0 17747.0 19027.0 18945.0 21810.0 21739.0 23076.0 22857.0 23420.0 23815.0 24309.0 27085.0 25362.0 26111.0 26475.0 27335.0 28578.0 28143.0 28124.0 28868.0 28268.0 28213.0 28252.0 29173.0 52624.0 5225.0 3900.0 3663.0 3020.0 3493.0 3530.0 3284.0 2634.0 881.0 912.0
0.0 0.0 0.0 0.0 0.0 0.0 0.0 0.0 0.0 0.0 0.0 0.0 0.0 0.0 0.0 0.0 0.0 0.0 0.0 0.0 0.0 0.0 0.0 0.0 0.0 0.0 10.0 380.0 26.0 52.0 1143.0 1042.0 925.0 719.0 1340.0 1201.0 2093.0 1965.0 2958.0 1453.0 5836.0 2747.0 2338.0 6180.0 6530.0 919.0 641.0 1158.0 1248.0 3693.0 1791.0 5279.0 1041.0 910.0 749.0 904.0 1059.0 2881.0 933.0 1893.0 2562.0 3296.0 3105.0 2973.0 2773.0 3143.0 2313.0 2224.0 2189.0 24957.0 2193.0 3713.0 2159.0 1844.0 1957.0 1860.0 1829.0 2275.0 3063.0 1904.0 653.0
0.0 0.0 0.0 0.0 0.0 0.0 0.0 0.0 0.0 0.0 0.0 0.0 0.0 0.0 0.0 0.0 0.0 0.0 0.0 0.0 0.0 0.0 0.0 0.0 0.0 0.0 0.0 10.0 380.0 26.0 52.0 121.0 461.0 368.0 317.0 1961.0 2265.0 1945.0 2290.0 2279.0 2649.0 7842.0 7494.0 6404.0 4433.0 3043.0 4011.0 3199.0 4962.0 4686.0 6033.0 4978.0 2782.0 2763.0 2591.0 2675.0 2935.0 5284.0 2788.0 2859.0 3039.0 3137.0 3982.0 3547.0 3430.0 4334.0 4145.0 4184.0 26262.0 4368.0 5061.0 5626.0 4502.0 4877.0 4278.0 4172.0 5438.0 4157.0 4211.0 5522.0 3982.0
0.0 0.0 0.0 0.0 0.0 0.0 0.0 0.0 0.0 0.0 0.0 0.0 0.0 0.0 0.0 0.0 0.0 0.0 0.0 0.0 0.0 0.0 0.0 0.0 0.0 0.0 0.0 0.0 10.0 380.0 26.0 52.0 121.0 434.0 391.0 383.0 1295.0 1488.0 1324.0 778.0 1290.0 4322.0 8156.0 2849.0 2465.0 3538.0 2805.0 4534.0 4102.0 4193.0 2454.0 3671.0 1637.0 1506.0 1628.0 1648.0 2057.0 4039.0 2015.0 2176.0 2252.0 2287.0 3081.0 2693.0 3752.0 4012.0 3810.0 24866.0 3859.0 3576.0 4348.0 4228.0 4155.0 4074.0 3422.0 3772.0 3097.0 3159.0 2679.0 2318.0 4341.0
