unicor_wind/u_5km.txt
ncols         201
nrows         169
xllcorner     -510611.31198849
yllcorner     -29945.202644741
cellsize      5000
NODATA_value  -9999
[rows 28 to 55 of 169, columns 0 to 62 of 201]
0.6760237 0.6760237 0.6760237 0.6760237 0.6760237 0.6760237 0.7146097 0.7146097 0.7146097 0.7146097 0.7146097 0.7146097 0.7146097 0.7868242 0.7868242 0.7868242 0.7868242 0.7868242 0.7868242 1.693728 1.693728 1.693728 1.693728 1.693728 1.693728 1.693728 1.882329 1.882329 1.882329 1.882329 1.882329 1.882329 1.790415 1.790415 1.790415 1.790415 1.790415 1.790415 1.790415 1.046135 1.046135 1.046135 1.046135 1.046135 1.046135 1.441043 1.441043 1.441043 1.441043 1.441043 1.441043 1.441043 1.247208 1.247208 1.247208 1.247208 1.247208 1.247208 3.665448 3.665448 3.665448 3.665448 3.665448
0.6760237 0.6760237 0.6760237 0.6760237 0.6760237 0.6760237 0.7146097 0.7146097 0.7146097 0.7146097 0.7146097 0.7146097 0.7146097 0.7868242 0.7868242 0.7868242 0.7868242 0.7868242 0.7868242 1.693728 1.693728 1.693728 1.693728 1.693728 1.693728 1.693728 1.882329 1.882329 1.882329 1.882329 1.882329 1.882329 1.790415 1.790415 1.790415 1.790415 1.790415 1.790415 1.790415 1.046135 1.046135 1.046135 1.046135 1.046135 1.046135 1.441043 1.441043 1.441043 1.441043 1.441043 1.441043 1.441043 1.247208 1.247208 1.247208 1.247208 1.247208 1.247208 3.665448 3.665448 3.665448 3.665448 3.665448
0.6760237 0.6760237 0.6760237 0.6760237 0.6760237 0.6760237 0.7146097 0.7146097 0.7146097 0.7146097 0.7146097 0.7146097 0.7146097 0.7868242 0.7868242 0.7868242 0.7868242 0.7868242 0.7868242 1.693728 1.693728 1.693728 1.693728 1.693728 1.693728 1.693728 1.882329 1.882329 1.882329 1.882329 1.882329 1.882329 1.790415 1.790415 1.790415 1.790415 1.790415 1.790415 1.790415 1.046135 1.046135 1.046135 1.046135 1.046135 1.046135 1.441043 1.441043 1.441043 1.441043 1.441043 1.441043 1.441043 1.247208 1.247208 1.247208 1.247208 1.247208 1.247208 3.665448 3.665448 3.665448 3.665448 3.665448
0.6760237 0.6760237 0.6760237 0.6760237 0.6760237 0.6760237 0.7146097 0.7146097 0.7146097 0.7146097 0.7146097 0.7146097 0.7146097 0.7868242 0.7868242 0.7868242 0.7868242 0.7868242 0.7868242 1.693728 1.693728 1.693728 1.693728 1.693728 1.693728 1.693728 1.882329 1.882329 1.882329 1.882329 1.882329 1.882329 1.790415 1.790415 1.790415 1.790415 1.790415 1.790415 1.790415 1.046135 1.046135 1.046135 1.046135 1.046135 1.046135 1.441043 1.441043 1.441043 1.441043 1.441043 1.441043 1.441043 1.247208 1.247208 1.247208 1.247208 1.247208 1.247208 3.665448 3.665448 3.665448 3.665448 3.665448
1.053195 1.053195 1.053195 1.053195 1.053195 1.053195 0.7684408 0.7684408 0.7684408 0.7684408 0.7684408 0.7684408 0.7684408 1.057553 1.057553 1.057553 1.057553 1.057553 1.057553 2.319121 2.319121 2.319121 2.319121 2.319121 2.319121 2.319121 1.694762 1.694762 1.694762 1.694762 1.694762 1.694762 2.128476 2.128476 2.128476 2.128476 2.128476 2.128476 2.128476 2.109389 2.109389 2.109389 2.109389 2.109389 2.109389 1.736997 1.736997 1.736997 1.736997 1.736997 1.736997 1.736997 1.020496 1.020496 1.020496 1.020496 1.020496 1.020496 3.78332 3.78332 3.78332 3.78332 3.78332
1.053195 1.053195 1.053195 1.053195 1.053195 1.053195 0.7684408 0.7684408 0.7684408 0.7684408 0.7684408 0.7684408 0.7684408 1.057553 1.057553 1.057553 1.057553 1.057553 1.057553 2.319121 2.319121 2.319121 2.319121 2.319121 2.319121 2.319121 1.694762 1.694762 1.694762 1.694762 1.694762 1.694762 2.128476 2.128476 2.128476 2.128476 2.128476 2.128476 2.128476 2.109389 2.109389 2.109389 2.109389 2.109389 2.109389 1.736997 1.736997 1.736997 1.736997 1.736997 1.736997 1.736997 1.020496 1.020496 1.020496 1.020496 1.020496 1.020496 3.78332 3.78332 3.78332 3.78332 3.78332
1.053195 1.053195 1.053195 1.053195 1.053195 1.053195 0.7684408 0.7684408 0.7684408 0.7684408 0.7684408 0.7684408 0.7684408 1.057553 1.057553 1.057553 1.057553 1.057553 1.057553 2.319121 2.319121 2.319121 2.319121 2.319121 2.319121 2.319121 1.694762 1.694762 1.694762 1.694762 1.694762 1.694762 2.128476 2.128476 2.128476 2.128476 2.128476 2.128476 2.128476 2.109389 2.109389 2.109389 2.109389 2.109389 2.109389 1.736997 1.736997 1.736997 1.736997 1.736997 1.736997 1.736997 1.020496 1.020496 1.020496 1.020496 1.020496 1.020496 3.78332 3.78332 3.78332 3.78332 3.78332
1.053195 1.053195 1.053195 1.053195 1.053195 1.053195 0.7684408 0.7684408 0.7684408 0.7684408 0.7684408 0.7684408 0.7684408 1.057553 1.057553 1.057553 1.057553 1.057553 1.057553 2.319121 2.319121 2.319121 2.319121 2.319121 2.319121 2.319121 1.694762 1.694762 1.694762 1.694762 1.694762 1.694762 2.128476 2.128476 2.128476 2.128476 2.128476 2.128476 2.128476 2.109389 2.109389 2.109389 2.109389 2.109389 2.109389 1.736997 1.736997 1.736997 1.736997 1.736997 1.736997 1.736997 1.020496 1.020496 1.020496 1.020496 1.020496 1.020496 3.78332 3.78332 3.78332 3.78332 3.78332
1.053195 1.053195 1.053195 1.053195 1.053195 1.053195 0.7684408 0.7684408 0.7684408 0.7684408 0.7684408 0.7684408 0.7684408 1.057553 1.057553 1.057553 1.057553 1.057553 1.057553 2.319121 2.319121 2.319121 2.319121 2.319121 2.319121 2.319121 1.694762 1.694762 1.694762 1.694762 1.694762 1.694762 2.128476 2.128476 2.128476 2.128476 2.128476 2.128476 2.128476 2.109389 2.109389 2.109389 2.109389 2.109389 2.109389 1.736997 1.736997 1.736997 1.736997 1.736997 1.736997 1.736997 1.020496 1.020496 1.020496 1.020496 1.020496 1.020496 3.78332 3.78332 3.78332 3.78332 3.78332
1.053195 1.053195 1.053195 1.053195 1.053195 1.053195 0.7684408 0.7684408 0.7684408 0.7684408 0.7684408 0.7684408 0.7684408 1.057553 1.057553 1.057553 1.057553 1.057553 1.057553 2.319121 2.319121 2.319121 2.319121 2.319121 2.319121 2.319121 1.694762 1.694762 1.694762 1.694762 1.694762 1.694762 2.128476 2.128476 2.128476 2.128476 2.128476 2.128476 2.128476 2.109389 2.109389 2.109389 2.109389 2.109389 2.109389 1.736997 1.736997 1.736997 1.736997 1.736997 1.736997 1.736997 1.020496 1.020496 1.020496 1.020496 1.020496 1.020496 3.78332 3.78332 3.78332 3.78332 3.78332
1.053195 1.053195 1.053195 1.053195 1.053195 1.053195 0.7684408 0.7684408 0.7684408 0.7684408 0.7684408 0.7684408 0.7684408 1.057553 1.057553 1.057553 1.057553 1.057553 1.057553 2.319121 2.319121 2.319121 2.319121 2.319121 2.319121 2.319121 1.694762 1.694762 1.694762 1.694762 1.694762 1.694762 2.128476 2.128476 2.128476 2.128476 2.128476 2.128476 2.128476 2.109389 2.109389 2.109389 2.109389 2.109389 2.109389 1.736997 1.736997 1.736997 1.736997 1.736997 1.736997 1.736997 1.020496 1.020496 1.020496 1.020496 1.020496 1.020496 3.78332 3.78332 3.78332 3.78332 3.78332
1.081471 1.081471 1.081471 1.081471 1.081471 1.081471 0.922745 0.922745 0.922745 0.922745 0.922745 0.922745 0.922745 1.417483 1.417483 1.417483 1.417483 1.417483 1.417483 2.465796 2.465796 2.465796 2.465796 2.465796 2.465796 2.465796 1.544083 1.544083 1.544083 1.544083 1.544083 1.544083 2.807439 2.807439 2.807439 2.807439 2.807439 2.807439 2.807439 1.442628 1.442628 1.442628 1.442628 1.442628 1.442628 1.310643 1.310643 1.310643 1.310643 1.310643 1.310643 1.310643 1.200133 1.200133 1.200133 1.200133 1.200133 1.200133 3.601564 3.601564 3.601564 3.601564 3.601564
1.081471 1.081471 1.081471 1.081471 1.081471 1.081471 0.922745 0.922745 0.922745 0.922745 0.922745 0.922745 0.922745 1.417483 1.417483 1.417483 1.417483 1.417483 1.417483 2.465796 2.465796 2.465796 2.465796 2.465796 2.465796 2.465796 1.544083 1.544083 1.544083 1.544083 1.544083 1.544083 2.807439 2.807439 2.807439 2.807439 2.807439 2.807439 2.807439 1.442628 1.442628 1.442628 1.442628 1.442628 1.442628 1.310643 1.310643 1.310643 1.310643 1.310643 1.310643 1.310643 1.200133 1.200133 1.200133 1.200133 1.200133 1.200133 3.601564 3.601564 3.601564 3.601564 3.601564
1.081471 1.081471 1.081471 1.081471 1.081471 1.081471 0.922745 0.922745 0.922745 0.922745 0.922745 0.922745 0.922745 1.417483 1.417483 1.417483 1.417483 1.417483 1.417483 2.465796 2.465796 2.465796 2.465796 2.465796 2.465796 2.465796 1.544083 1.544083 1.544083 1.544083 1.544083 1.544083 2.807439 2.807439 2.807439 2.807439 2.807439 2.807439 2.807439 1.442628 1.442628 1.442628 1.442628 1.442628 1.442628 1.310643 1.310643 1.310643 1.310643 1.310643 1.310643 1.310643 1.200133 1.200133 1.200133 1.200133 1.200133 1.200133 3.601564 3.601564 3.601564 3.601564 3.601564
1.081471 1.081471 1.081471 1.081471 1.081471 1.081471 0.922745 0.922745 0.922745 0.922745 0.922745 0.922745 0.922745 1.417483 1.417483 1.417483 1.417483 1.417483 1.417483 2.465796 2.465796 2.465796 2.465796 2.465796 2.465796 2.465796 1.544083 1.544083 1.544083 1.544083 1.544083 1.544083 2.807439 2.807439 2.807439 2.807439 2.807439 2.807439 2.807439 1.442628 1.442628 1.442628 1.442628 1.442628 1.442628 1.310643 1.310643 1.310643 1.310643 1.310643 1.310643 1.310643 1.200133 1.200133 1.200133 1.200133 1.200133 1.200133 3.601564 3.601564 3.601564 3.601564 3.601564
1.081471 1.081471 1.081471 1.081471 1.081471 1.081471 0.922745 0.922745 0.922745 0.922745 0.922745 0.922745 0.922745 1.417483 1.417483 1.417483 1.417483 1.417483 1.417483 2.465796 2.465796 2.465796 2.465796 2.465796 2.465796 2.465796 1.544083 1.544083 1.544083 1.544083 1.544083 1.544083 2.807439 2.807439 2.807439 2.807439 2.807439 2.807439 2.807439 1.442628 1.442628 1.442628 1.442628 1.442628 1.442628 1.310643 1.310643 1.310643 1.310643 1.310643 1.310643 1.310643 1.200133 1.200133 1.200133 1.200133 1.200133 1.200133 3.601564 3.601564 3.601564 3.601564 3.601564
1.081471 1.081471 1.081471 1.081471 1.081471 1.081471 0.922745 0.922745 0.922745 0.922745 0.922745 0.922745 0.922745 1.417483 1.417483 1.417483 1.417483 1.417483 1.417483 2.465796 2.465796 2.465796 2.465796 2.465796 2.465796 2.465796 1.544083 1.544083 1.544083 1.544083 1.544083 1.544083 2.807439 2.807439 2.807439 2.807439 2.807439 2.807439 2.807439 1.442628 1.442628 1.442628 1.442628 1.442628 1.442628 1.310643 1.310643 1.310643 1.310643 1.310643 1.310643 1.310643 1.200133 1.200133 1.200133 1.200133 1.200133 1.200133 3.601564 3.601564 3.601564 3.601564 3.601564
1.090363 1.090363 1.090363 1.090363 1.090363 1.090363 1.205115 1.205115 1.205115 1.205115 1.205115 1.205115 1.205115 1.379853 1.379853 1.379853 1.379853 1.379853 1.379853 2.245692 2.245692 2.245692 2.245692 2.245692 2.245692 2.245692 2.74071 2.74071 2.74071 2.74071 2.74071 2.74071 2.998331 2.998331 2.998331 2.998331 2.998331 2.998331 2.998331 1.31246 1.31246 1.31246 1.31246 1.31246 1.31246 1.551857 1.551857 1.551857 1.551857 1.551857 1.551857 1.551857 1.568533 1.568533 1.568533 1.568533 1.568533 1.568533 1.681257 1.681257 1.681257 1.681257 1.681257
1.090363 1.090363 1.090363 1.090363 1.090363 1.090363 1.205115 1.205115 1.205115 1.205115 1.205115 1.205115 1.205115 1.379853 1.379853 1.379853 1.379853 1.379853 1.379853 2.245692 2.245692 2.245692 2.245692 2.245692 2.245692 2.245692 2.74071 2.74071 2.74071 2.74071 2.74071 2.74071 2.998331 2.998331 2.998331 2.998331 2.998331 2.998331 2.998331 1.31246 1.31246 1.31246 1.31246 1.31246 1.31246 1.551857 1.551857 1.551857 1.551857 1.551857 1.551857 1.551857 1.568533 1.568533 1.568533 1.568533 1.568533 1.568533 1.681257 1.681257 1.681257 1.681257 1.681257
1.090363 1.090363 1.090363 1.090363 1.090363 1.090363 1.205115 1.205115 1.205115 1.205115 1.205115 1.205115 1.205115 1.379853 1.379853 1.379853 1.379853 1.379853 1.379853 2.245692 2.245692 2.245692 2.245692 2.245692 2.245692 2.245692 2.74071 2.74071 2.74071 2.74071 2.74071 2.74071 2.998331 2.998331 2.998331 2.998331 2.998331 2.998331 2.998331 1.31246 1.31246 1.31246 1.31246 1.31246 1.31246 1.551857 1.551857 1.551857 1.551857 1.551857 1.551857 1.551857 1.568533 1.568533 1.568533 1.568533 1.568533 1.568533 1.681257 1.681257 1.681257 1.681257 1.681257
1.090363 1.090363 1.090363 1.090363 1.090363 1.090363 1.205115 1.205115 1.205115 1.205115 1.205115 1.205115 1.205115 1.379853 1.379853 1.379853 1.379853 1.379853 1.379853 2.245692 2.245692 2.245692 2.245692 2.245692 2.245692 2.245692 2.74071 2.74071 2.74071 2.74071 2.74071 2.74071 2.998331 2.998331 2.998331 2.998331 2.998331 2.998331 2.998331 1.31246 1.31246 1.31246 1.31246 1.31246 1.31246 1.551857 1.551857 1.551857 1.551857 1.551857 1.551857 1.551857 1.568533 1.568533 1.568533 1.568533 1.568533 1.568533 1.681257 1.681257 1.681257 1.681257 1.681257
1.090363 1.090363 1.090363 1.090363 1.090363 1.090363 1.205115 1.205115 1.205115 1.205115 1.205115 1.205115 1.205115 1.379853 1.379853 1.379853 1.379853 1.379853 1.379853 2.245692 2.245692 2.245692 2.245692 2.245692 2.245692 2.245692 2.74071 2.74071 2.74071 2.74071 2.74071 2.74071 2.998331 2.998331 2.998331 2.998331 2.998331 2.998331 2.998331 1.31246 1.31246 1.31246 1.31246 1.31246 1.31246 1.551857 1.551857 1.551857 1.551857 1.551857 1.551857 1.551857 1.568533 1.568533 1.568533 1.568533 1.568533 1.568533 1.681257 1.681257 1.681257 1.681257 1.681257
1.090363 1.090363 1.090363 1.090363 1.090363 1.090363 1.205115 1.205115 1.205115 1.205115 1.205115 1.205115 1.205115 1.379853 1.379853 1.379853 1.379853 1.379853 1.379853 2.245692 2.245692 2.245692 2.245692 2.245692 2.245692 2.245692 2.74071 2.74071 2.74071 2.74071 2.74071 2.74071 2.998331 2.998331 2.998331 2.998331 2.998331 2.998331 2.998331 1.31246 1.31246 1.31246 1.31246 1.31246 1.31246 1.551857 1.551857 1.551857 1.551857 1.551857 1.551857 1.551857 1.568533 1.568533 1.568533 1.568533 1.568533 1.568533 1.681257 1.681257 1.681257 1.681257 1.681257
1.090363 1.090363 1.090363 1.090363 1.090363 1.090363 1.205115 1.205115 1.205115 1.205115 1.205115 1.205115 1.205115 1.379853 1.379853 1.379853 1.379853 1.379853 1.379853 2.245692 2.245692 2.245692 2.245692 2.245692 2.245692 2.245692 2.74071 2.74071 2.74071 2.74071 2.74071 2.74071 2.998331 2.998331 2.998331 2.998331 2.998331 2.998331 2.998331 1.31246 1.31246 1.31246 1.31246 1.31246 1.31246 1.551857 1.551857 1.551857 1.551857 1.551857 1.551857 1.551857 1.568533 1.568533 1.568533 1.568533 1.568533 1.568533 1.681257 1.681257 1.681257 1.681257 1.681257
0.9666316 0.9666316 0.9666316 0.9666316 0.9666316 0.9666316 0.7801673 0.7801673 0.7801673 0.7801673 0.7801673 0.7801673 0.7801673 0.8410833 0.8410833 0.8410833 0.8410833 0.8410833 0.8410833 0.8524864 0.8524864 0.8524864 0.8524864 0.8524864 0.8524864 0.8524864 0.8769557 0.8769557 0.8769557 0.8769557 0.8769557 0.8769557 1.833831 1.833831 1.833831 1.833831 1.833831 1.833831 1.833831 2.384645 2.384645 2.384645 2.384645 2.384645 2.384645 2.770874 2.770874 2.770874 2.770874 2.770874 2.770874 2.770874 1.764307 1.764307 1.764307 1.764307 1.764307 1.764307 1.505579 1.505579 1.505579 1.505579 1.505579
0.9666316 0.9666316 0.9666316 0.9666316 0.9666316 0.9666316 0.7801673 0.7801673 0.7801673 0.7801673 0.7801673 0.7801673 0.7801673 0.8410833 0.8410833 0.8410833 0.8410833 0.8410833 0.8410833 0.8524864 0.8524864 0.8524864 0.8524864 0.8524864 0.8524864 0.8524864 0.8769557 0.8769557 0.8769557 0.8769557 0.8769557 0.8769557 1.833831 1.833831 1.833831 1.833831 1.833831 1.833831 1.833831 2.384645 2.384645 2.384645 2.384645 2.384645 2.384645 2.770874 2.770874 2.770874 2.770874 2.770874 2.770874 2.770874 1.764307 1.764307 1.764307 1.764307 1.764307 1.764307 1.505579 1.505579 1.505579 1.505579 1.505579
0.9666316 0.9666316 0.9666316 0.9666316 0.9666316 0.9666316 0.7801673 0.7801673 0.7801673 0.7801673 0.7801673 0.7801673 0.7801673 0.8410833 0.8410833 0.8410833 0.8410833 0.8410833 0.8410833 0.8524864 0.8524864 0.8524864 0.8524864 0.8524864 0.8524864 0.8524864 0.8769557 0.8769557 0.8769557 0.8769557 0.8769557 0.8769557 1.833831 1.833831 1.833831 1.833831 1.833831 1.833831 1.833831 2.384645 2.384645 2.384645 2.384645 2.384645 2.384645 2.770874 2.770874 2.770874 2.770874 2.770874 2.770874 2.770874 1.764307 1.764307 1.764307 1.764307 1.764307 1.764307 1.505579 1.505579 1.505579 1.505579 1.505579
0.9666316 0.9666316 0.9666316 0.9666316 0.9666316 0.9666316 0.7801673 0.7801673 0.7801673 0.7801673 0.7801673 0.7801673 0.7801673 0.8410833 0.8410833 0.8410833 0.8410833 0.8410833 0.8410833 0.8524864 0.8524864 0.8524864 0.8524864 0.8524864 0.8524864 0.8524864 0.8769557 0.8769557 0.8769557 0.8769557 0.8769557 0.8769557 1.833831 1.833831 1.833831 1.833831 1.833831 1.833831 1.833831 2.384645 2.384645 2.384645 2.384645 2.384645 2.384645 2.770874 2.770874 2.770874 2.770874 2.770874 2.770874 2.770874 1.764307 1.764307 1.764307 1.764307 1.764307 1.764307 1.505579 1.505579 1.505579 1.505579 1.505579
