unicor_wind/u_5km.txt
ncols         201
nrows         169
xllcorner     -510611.31198849
yllcorner     -29945.202644741
cellsize      5000
NODATA_value  -9999
[rows 0 to 27 of 169, columns 0 to 62 of 201]
0.4029736 0.4029736 0.4029736 0.4029736 0.4029736 0.4029736 0.5707679 0.5707679 0.5707679 0.5707679 0.5707679 0.5707679 0.5707679 1.363235 1.363235 1.363235 1.363235 1.363235 1.363235 1.288736 1.288736 1.288736 1.288736 1.288736 1.288736 1.288736 1.112476 1.112476 1.112476 1.112476 1.112476 1.112476 1.527243 1.527243 1.527243 1.527243 1.527243 1.527243 1.527243 2.200924 2.200924 2.200924 2.200924 2.200924 2.200924 3.012783 3.012783 3.012783 3.012783 3.012783 3.012783 3.012783 3.856322 3.856322 3.856322 3.856322 3.856322 3.856322 2.330657 2.330657 2.330657 2.330657 2.330657
0.4029736 0.4029736 0.4029736 0.4029736 0.4029736 0.4029736 0.5707679 0.5707679 0.5707679 0.5707679 0.5707679 0.5707679 0.5707679 1.363235 1.363235 1.363235 1.363235 1.363235 1.363235 1.288736 1.288736 1.288736 1.288736 1.288736 1.288736 1.288736 1.112476 1.112476 1.112476 1.112476 1.112476 1.112476 1.527243 1.527243 1.527243 1.527243 1.527243 1.527243 1.527243 2.200924 2.200924 2.200924 2.200924 2.200924 2.200924 3.012783 3.012783 3.012783 3.012783 3.012783 3.012783 3.012783 3.856322 3.856322 3.856322 3.856322 3.856322 3.856322 2.330657 2.330657 2.330657 2.330657 2.330657
0.4029736 0.4029736 0.4029736 0.4029736 0.4029736 0.4029736 0.5707679 0.5707679 0.5707679 0.5707679 0.5707679 0.5707679 0.5707679 1.363235 1.363235 1.363235 1.363235 1.363235 1.363235 1.288736 1.288736 1.288736 1.288736 1.288736 1.288736 1.288736 1.112476 1.112476 1.112476 1.112476 1.112476 1.112476 1.527243 1.527243 1.527243 1.527243 1.527243 1.527243 1.527243 2.200924 2.200924 2.200924 2.200924 2.200924 2.200924 3.012783 3.012783 3.012783 3.012783 3.012783 3.012783 3.012783 3.856322 3.856322 3.856322 3.856322 3.856322 3.856322 2.330657 2.330657 2.330657 2.330657 2.330657
0.4029736 0.4029736 0.4029736 0.4029736 0.4029736 0.4029736 0.5707679 0.5707679 0.5707679 0.5707679 0.5707679 0.5707679 0.5707679 1.363235 1.363235 1.363235 1.363235 1.363235 1.363235 1.288736 1.288736 1.288736 1.288736 1.288736 1.288736 1.288736 1.112476 1.112476 1.112476 1.112476 1.112476 1.112476 1.527243 1.527243 1.527243 1.527243 1.527243 1.527243 1.527243 2.200924 2.200924 2.200924 2.200924 2.200924 2.200924 3.012783 3.012783 3.012783 3.012783 3.012783 3.012783 3.012783 3.856322 3.856322 3.856322 3.856322 3.856322 3.856322 2.330657 2.330657 2.330657 2.330657 2.330657
0.4029736 0.4029736 0.4029736 0.4029736 0.4029736 0.4029736 0.5707679 0.5707679 0.5707679 0.5707679 0.5707679 0.5707679 0.5707679 1.363235 1.363235 1.363235 1.363235 1.363235 1.363235 1.288736 1.288736 1.288736 1.288736 1.288736 1.288736 1.288736 1.112476 1.112476 1.112476 1.112476 1.112476 1.112476 1.527243 1.527243 1.527243 1.527243 1.527243 1.527243 1.527243 2.200924 2.200924 2.200924 2.200924 2.200924 2.200924 3.012783 3.012783 3.012783 3.012783 3.012783 3.012783 3.012783 3.856322 3.856322 3.856322 3.856322 3.856322 3.856322 2.330657 2.330657 2.330657 2.330657 2.330657
0.4029736 0.4029736 0.4029736 0.4029736 0.4029736 0.4029736 0.5707679 0.5707679 0.5707679 0.5707679 0.5707679 0.5707679 0.5707679 1.363235 1.363235 1.363235 1.363235 1.363235 1.363235 1.288736 1.288736 1.288736 1.288736 1.288736 1.288736 1.288736 1.112476 1.112476 1.112476 1.112476 1.112476 1.112476 1.527243 1.527243 1.527243 1.527243 1.527243 1.527243 1.527243 2.200924 2.200924 2.200924 2.200924 2.200924 2.200924 3.012783 3.012783 3.012783 3.012783 3.012783 3.012783 3.012783 3.856322 3.856322 3.856322 3.856322 3.856322 3.856322 2.330657 2.330657 2.330657 2.330657 2.330657
0.250943 0.250943 0.250943 0.250943 0.250943 0.250943 0.4309681 0.4309681 0.4309681 0.4309681 0.4309681 0.4309681 0.4309681 1.300021 1.300021 1.300021 1.300021 1.300021 1.300021 1.174129 1.174129 1.174129 1.174129 1.174129 1.174129 1.174129 1.131249 1.131249 1.131249 1.131249 1.131249 1.131249 1.685446 1.685446 1.685446 1.685446 1.685446 1.685446 1.685446 1.928925 1.928925 1.928925 1.928925 1.928925 1.928925 1.498737 1.498737 1.498737 1.498737 1.498737 1.498737 1.498737 1.966564 1.966564 1.966564 1.966564 1.966564 1.966564 2.840132 2.840132 2.840132 2.840132 2.840132
0.250943 0.250943 0.250943 0.250943 0.250943 0.250943 0.4309681 0.4309681 0.4309681 0.4309681 0.4309681 0.4309681 0.4309681 1.300021 1.300021 1.300021 1.300021 1.300021 1.300021 1.174129 1.174129 1.174129 1.174129 1.174129 1.174129 1.174129 1.131249 1.131249 1.131249 1.131249 1.131249 1.131249 1.685446 1.685446 1.685446 1.685446 1.685446 1.685446 1.685446 1.928925 1.928925 1.928925 1.928925 1.928925 1.928925 1.498737 1.498737 1.498737 1.498737 1.498737 1.498737 1.498737 1.966564 1.966564 1.966564 1.966564 1.966564 1.966564 2.840132 2.840132 2.840132 2.840132 2.840132
0.250943 0.250943 0.250943 0.250943 0.250943 0.250943 0.4309681 0.4309681 0.4309681 0.4309681 0.4309681 0.4309681 0.4309681 1.300021 1.300021 1.300021 1.300021 1.300021 1.300021 1.174129 1.174129 1.174129 1.174129 1.174129 1.174129 1.174129 1.131249 1.131249 1.131249 1.131249 1.131249 1.131249 1.685446 1.685446 1.685446 1.685446 1.685446 1.685446 1.685446 1.928925 1.928925 1.928925 1.928925 1.928925 1.928925 1.498737 1.498737 1.498737 1.498737 1.498737 1.498737 1.498737 1.966564 1.966564 1.966564 1.966564 1.966564 1.966564 2.840132 2.840132 2.840132 2.840132 2.840132
0.250943 0.250943 0.250943 0.250943 0.250943 0.250943 0.4309681 0.4309681 0.4309681 0.4309681 0.4309681 0.4309681 0.4309681 1.300021 1.300021 1.300021 1.300021 1.300021 1.300021 1.174129 1.174129 1.174129 1.174129 1.174129 1.174129 1.174129 1.131249 1.131249 1.131249 1.131249 1.131249 1.131249 1.685446 1.685446 1.685446 1.685446 1.685446 1.685446 1.685446 1.928925 1.928925 1.928925 1.928925 1.928925 1.928925 1.498737 1.498737 1.498737 1.498737 1.498737 1.498737 1.498737 1.966564 1.966564 1.966564 1.966564 1.966564 1.966564 2.840132 2.840132 2.840132 2.840132 2.840132
0.250943 0.250943 0.250943 0.250943 0.250943 0.250943 0.4309681 0.4309681 0.4309681 0.4309681 0.4309681 0.4309681 0.4309681 1.300021 1.300021 1.300021 1.300021 1.300021 1.300021 1.174129 1.174129 1.174129 1.174129 1.174129 1.174129 1.174129 1.131249 1.131249 1.131249 1.131249 1.131249 1.131249 1.685446 1.685446 1.685446 1.685446 1.685446 1.685446 1.685446 1.928925 1.928925 1.928925 1.928925 1.928925 1.928925 1.498737 1.498737 1.498737 1.498737 1.498737 1.498737 1.498737 1.966564 1.966564 1.966564 1.966564 1.966564 1.966564 2.840132 2.840132 2.840132 2.840132 2.840132
0.250943 0.250943 0.250943 0.250943 0.250943 0.250943 0.4309681 0.4309681 0.4309681 0.4309681 0.4309681 0.4309681 0.4309681 1.300021 1.300021 1.300021 1.300021 1.300021 1.300021 1.174129 1.174129 1.174129 1.174129 1.174129 1.174129 1.174129 1.131249 1.131249 1.131249 1.131249 1.131249 1.131249 1.685446 1.685446 1.685446 1.685446 1.685446 1.685446 1.685446 1.928925 1.928925 1.928925 1.928925 1.928925 1.928925 1.498737 1.498737 1.498737 1.498737 1.498737 1.498737 1.498737 1.966564 1.966564 1.966564 1.966564 1.966564 1.966564 2.840132 2.840132 2.840132 2.840132 2.840132
0.250943 0.250943 0.250943 0.250943 0.250943 0.250943 0.4309681 0.4309681 0.4309681 0.4309681 0.4309681 0.4309681 0.4309681 1.300021 1.300021 1.300021 1.300021 1.300021 1.300021 1.174129 1.174129 1.174129 1.174129 1.174129 1.174129 1.174129 1.131249 1.131249 1.131249 1.131249 1.131249 1.131249 1.685446 1.685446 1.685446 1.685446 1.685446 1.685446 1.685446 1.928925 1.928925 1.928925 1.928925 1.928925 1.928925 1.498737 1.498737 1.498737 1.498737 1.498737 1.498737 1.498737 1.966564 1.966564 1.966564 1.966564 1.966564 1.966564 2.840132 2.840132 2.840132 2.840132 2.840132
0.4017816 0.4017816 0.4017816 0.4017816 0.4017816 0.4017816 0.4181349 0.4181349 0.4181349 0.4181349 0.4181349 0.4181349 0.4181349 0.7413515 0.7413515 0.7413515 0.7413515 0.7413515 0.7413515 0.8101234 0.8101234 0.8101234 0.8101234 0.8101234 0.8101234 0.8101234 1.299178 1.299178 1.299178 1.299178 1.299178 1.299178 1.406394 1.406394 1.406394 1.406394 1.406394 1.406394 1.406394 1.376196 1.376196 1.376196 1.376196 1.376196 1.376196 1.382522 1.382522 1.382522 1.382522 1.382522 1.382522 1.382522 2.443971 2.443971 2.443971 2.443971 2.443971 2.443971 4.479838 4.479838 4.479838 4.479838 4.479838
0.4017816 0.4017816 0.4017816 0.4017816 0.4017816 0.4017816 0.4181349 0.4181349 0.4181349 0.4181349 0.4181349 0.4181349 0.4181349 0.7413515 0.7413515 0.7413515 0.7413515 0.7413515 0.7413515 0.8101234 0.8101234 0.8101234 0.8101234 0.8101234 0.8101234 0.8101234 1.299178 1.299178 1.299178 1.299178 1.299178 1.299178 1.406394 1.406394 1.406394 1.406394 1.406394 1.406394 1.406394 1.376196 1.376196 1.376196 1.376196 1.376196 1.376196 1.382522 1.382522 1.382522 1.382522 1.382522 1.382522 1.382522 2.443971 2.443971 2.443971 2.443971 2.443971 2.443971 4.479838 4.479838 4.479838 4.479838 4.479838
0.4017816 0.4017816 0.4017816 0.4017816 0.4017816 0.4017816 0.4181349 0.4181349 0.4181349 0.4181349 0.4181349 0.4181349 0.4181349 0.7413515 0.7413515 0.7413515 0.7413515 0.7413515 0.7413515 0.8101234 0.8101234 0.8101234 0.8101234 0.8101234 0.8101234 0.8101234 1.299178 1.299178 1.299178 1.299178 1.299178 1.299178 1.406394 1.406394 1.406394 1.406394 1.406394 1.406394 1.406394 1.376196 1.376196 1.376196 1.376196 1.376196 1.376196 1.382522 1.382522 1.382522 1.382522 1.382522 1.382522 1.382522 2.443971 2.443971 2.443971 2.443971 2.443971 2.443971 4.479838 4.479838 4.479838 4.479838 4.479838
0.4017816 0.4017816 0.4017816 0.4017816 0.4017816 0.4017816 0.4181349 0.4181349 0.4181349 0.4181349 0.4181349 0.4181349 0.4181349 0.7413515 0.7413515 0.7413515 0.7413515 0.7413515 0.7413515 0.8101234 0.8101234 0.8101234 0.8101234 0.8101234 0.8101234 0.8101234 1.299178 1.299178 1.299178 1.299178 1.299178 1.299178 1.406394 1.406394 1.406394 1.406394 1.406394 1.406394 1.406394 1.376196 1.376196 1.376196 1.376196 1.376196 1.376196 1.382522 1.382522 1.382522 1.382522 1.382522 1.382522 1.382522 2.443971 2.443971 2.443971 2.443971 2.443971 2.443971 4.479838 4.479838 4.479838 4.479838 4.479838
0.4017816 0.4017816 0.4017816 0.4017816 0.4017816 0.4017816 0.4181349 0.4181349 0.4181349 0.4181349 0.4181349 0.4181349 0.4181349 0.7413515 0.7413515 0.7413515 0.7413515 0.7413515 0.7413515 0.8101234 0.8101234 0.8101234 0.8101234 0.8101234 0.8101234 0.8101234 1.299178 1.299178 1.299178 1.299178 1.299178 1.299178 1.406394 1.406394 1.406394 1.406394 1.406394 1.406394 1.406394 1.376196 1.376196 1.376196 1.376196 1.376196 1.376196 1.382522 1.382522 1.382522 1.382522 1.382522 1.382522 1.382522 2.443971 2.443971 2.443971 2.443971 2.443971 2.443971 4.479838 4.479838 4.479838 4.479838 4.479838
0.4017816 0.4017816 0.4017816 0.4017816 0.4017816 0.4017816 0.4181349 0.4181349 0.4181349 0.4181349 0.4181349 0.4181349 0.4181349 0.7413515 0.7413515 0.7413515 0.7413515 0.7413515 0.7413515 0.8101234 0.8101234 0.8101234 0.8101234 0.8101234 0.8101234 0.8101234 1.299178 1.299178 1.299178 1.299178 1.299178 1.299178 1.406394 1.406394 1.406394 1.406394 1.406394 1.406394 1.406394 1.376196 1.376196 1.376196 1.376196 1.376196 1.376196 1.382522 1.382522 1.382522 1.382522 1.382522 1.382522 1.382522 2.443971 2.443971 2.443971 2.443971 2.443971 2.443971 4.479838 4.479838 4.479838 4.479838 4.479838
0.5774712 0.5774712 0.5774712 0.5774712 0.5774712 0.5774712 0.665421 0.665421 0.665421 0.665421 0.665421 0.665421 0.665421 0.773124 0.773124 0.773124 0.773124 0.773124 0.773124 1.351066 1.351066 1.351066 1.351066 1.351066 1.351066 1.351066 1.603258 1.603258 1.603258 1.603258 1.603258 1.603258 1.263636 1.263636 1.263636 1.263636 1.263636 1.263636 1.263636 1.351915 1.351915 1.351915 1.351915 1.351915 1.351915 1.454944 1.454944 1.454944 1.454944 1.454944 1.454944 1.454944 1.817129 1.817129 1.817129 1.817129 1.817129 1.817129 4.448544 4.448544 4.448544 4.448544 4.448544
0.5774712 0.5774712 0.5774712 0.5774712 0.5774712 0.5774712 0.665421 0.665421 0.665421 0.665421 0.665421 0.665421 0.665421 0.773124 0.773124 0.773124 0.773124 0.773124 0.773124 1.351066 1.351066 1.351066 1.351066 1.351066 1.351066 1.351066 1.603258 1.603258 1.603258 1.603258 1.603258 1.603258 1.263636 1.263636 1.263636 1.263636 1.263636 1.263636 1.263636 1.351915 1.351915 1.351915 1.351915 1.351915 1.351915 1.454944 1.454944 1.454944 1.454944 1.454944 1.454944 1.454944 1.817129 1.817129 1.817129 1.817129 1.817129 1.817129 4.448544 4.448544 4.448544 4.448544 4.448544
0.5774712 0.5774712 0.5774712 0.5774712 0.5774712 0.5774712 0.665421 0.665421 0.665421 0.665421 0.665421 0.665421 0.665421 0.773124 0.773124 0.773124 0.773124 0.773124 0.773124 1.351066 1.351066 1.351066 1.351066 1.351066 1.351066 1.351066 1.603258 1.603258 1.603258 1.603258 1.603258 1.603258 1.263636 1.263636 1.263636 1.263636 1.263636 1.263636 1.263636 1.351915 1.351915 1.351915 1.351915 1.351915 1.351915 1.454944 1.454944 1.454944 1.454944 1.454944 1.454944 1.454944 1.817129 1.817129 1.817129 1.817129 1.817129 1.817129 4.448544 4.448544 4.448544 4.448544 4.448544
0.5774712 0.5774712 0.5774712 0.5774712 0.5774712 0.5774712 0.665421 0.665421 0.665421 0.665421 0.665421 0.665421 0.665421 0.773124 0.773124 0.773124 0.773124 0.773124 0.773124 1.351066 1.351066 1.351066 1.351066 1.351066 1.351066 1.351066 1.603258 1.603258 1.603258 1.603258 1.603258 1.603258 1.263636 1.263636 1.263636 1.263636 1.263636 1.263636 1.263636 1.351915 1.351915 1.351915 1.351915 1.351915 1.351915 1.454944 1.454944 1.454944 1.454944 1.454944 1.454944 1.454944 1.817129 1.817129 1.817129 1.817129 1.817129 1.817129 4.448544 4.448544 4.448544 4.448544 4.448544
0.5774712 0.5774712 0.5774712 0.5774712 0.5774712 0.5774712 0.665421 0.665421 0.665421 0.665421 0.665421 0.665421 0.665421 0.773124 0.773124 0.773124 0.773124 0.773124 0.773124 1.351066 1.351066 1.351066 1.351066 1.351066 1.351066 1.351066 1.603258 1.603258 1.603258 1.603258 1.603258 1.603258 1.263636 1.263636 1.263636 1.263636 1.263636 1.263636 1.263636 1.351915 1.351915 1.351915 1.351915 1.351915 1.351915 1.454944 1.454944 1.454944 1.454944 1.454944 1.454944 1.454944 1.817129 1.817129 1.817129 1.817129 1.817129 1.817129 4.448544 4.448544 4.448544 4.448544 4.448544
0.5774712 0.5774712 0.5774712 0.5774712 0.5774712 0.5774712 0.665421 0.665421 0.665421 0.665421 0.665421 0.665421 0.665421 0.773124 0.773124 0.773124 0.773124 0.773124 0.773124 1.351066 1.351066 1.351066 1.351066 1.351066 1.351066 1.351066 1.603258 1.603258 1.603258 1.603258 1.603258 1.603258 1.263636 1.263636 1.263636 1.263636 1.263636 1.263636 1.263636 1.351915 1.351915 1.351915 1.351915 1.351915 1.351915 1.454944 1.454944 1.454944 1.454944 1.454944 1.454944 1.454944 1.817129 1.817129 1.817129 1.817129 1.817129 1.817129 4.448544 4.448544 4.448544 4.448544 4.448544
0.5774712 0.5774712 0.5774712 0.5774712 0.5774712 0.5774712 0.665421 0.665421 0.665421 0.665421 0.665421 0.665421 0.665421 0.773124 0.773124 0.773124 0.773124 0.773124 0.773124 1.351066 1.351066 1.351066 1.351066 1.351066 1.351066 1.351066 1.603258 1.603258 1.603258 1.603258 1.603258 1.603258 1.263636 1.263636 1.263636 1.263636 1.263636 1.263636 1.263636 1.351915 1.351915 1.351915 1.351915 1.351915 1.351915 1.454944 1.454944 1.454944 1.454944 1.454944 1.454944 1.454944 1.817129 1.817129 1.817129 1.817129 1.817129 1.817129 4.448544 4.448544 4.448544 4.448544 4.448544
0.6760237 0.6760237 0.6760237 0.6760237 0.6760237 0.6760237 0.7146097 0.7146097 0.7146097 0.7146097 0.7146097 0.7146097 0.7146097 0.7868242 0.7868242 0.7868242 0.7868242 0.7868242 0.7868242 1.693728 1.693728 1.693728 1.693728 1.693728 1.693728 1.693728 1.882329 1.882329 1.882329 1.882329 1.882329 1.882329 1.790415 1.790415 1.790415 1.790415 1.790415 1.790415 1.790415 1.046135 1.046135 1.046135 1.046135 1.046135 1.046135 1.441043 1.441043 1.441043 1.441043 1.441043 1.441043 1.441043 1.247208 1.247208 1.247208 1.247208 1.247208 1.247208 3.665448 3.665448 3.665448 3.665448 3.665448
0.6760237 0.6760237 0.6760237 0.6760237 0.6760237 0.6760237 0.7146097 0.7146097 0.7146097 0.7146097 0.7146097 0.7146097 0.7146097 0.7868242 0.7868242 0.7868242 0.7868242 0.7868242 0.7868242 1.693728 1.693728 1.693728 1.693728 1.693728 1.693728 1.693728 1.882329 1.882329 1.882329 1.882329 1.882329 1.882329 1.790415 1.790415 1.790415 1.790415 1.790415 1.790415 1.790415 1.046135 1.046135 1.046135 1.046135 1.046135 1.046135 1.441043 1.441043 1.441043 1.441043 1.441043 1.441043 1.441043 1.247208 1.247208 1.247208 1.247208 1.247208 1.247208 3.665448 3.665448 3.665448 3.665448 3.665448
