unicor_wind/u_5km.txt_ones_5km.txt_XY_WBP.csv_asymmetric_WindCost_TO_.addedpaths.txt
ncols 201
nrows 169
xllcorner -510611.31198849
yllcorner -29945.202644741
cellsize 5000
NODATA_value -9999
[rows 72 to 107 of 169, columns 81 to 161 of 201]
1089.0 924.0 353.0 131.0 293.0 256.0 38.0 477.0 41.0 439.0 39.0 1.0 199.0 8.0 13.0 13.0 2349.0 3005.0 667.0 561.0 154.0 334.0 963.0 0.0 0.0 0.0 981.0 0.0 0.0 9331.0 1804.0 2133.0 481.0 225.0 2895.0 545.0 0.0 0.0 0.0 0.0 0.0 0.0 0.0 0.0 0.0 0.0 0.0 0.0 0.0 0.0 0.0 0.0 0.0 0.0 0.0 0.0 0.0 0.0 0.0 0.0 0.0 0.0 0.0 0.0 0.0 0.0 0.0 0.0 0.0 0.0 0.0 0.0 0.0 0.0 0.0 0.0 0.0 0.0 0.0 0.0 0.0
1263.0 661.0 30.0 226.0 192.0 245.0 33.0 514.0 3.0 475.0 0.0 0.0 7.0 210.0 12.0 8.0 2169.0 613.0 2870.0 841.0 129.0 180.0 1223.0 4.0 4.0 4.0 4.0 985.0 4.0 9890.0 1298.0 2721.0 490.0 237.0 2895.0 545.0 0.0 0.0 0.0 0.0 0.0 0.0 0.0 0.0 0.0 0.0 0.0 0.0 0.0 0.0 0.0 0.0 0.0 0.0 0.0 0.0 0.0 0.0 0.0 0.0 0.0 0.0 0.0 0.0 0.0 0.0 0.0 0.0 0.0 0.0 0.0 0.0 0.0 0.0 0.0 0.0 0.0 0.0 0.0 0.0 0.0
752.0 55.0 438.0 138.0 193.0 252.0 82.0 488.0 51.0 448.0 11.0 18.0 23.0 23.0 217.0 21.0 2170.0 465.0 666.0 2885.0 401.0 162.0 1347.0 13.0 13.0 13.0 13.0 13.0 1482.0 9700.0 1342.0 2206.0 1505.0 241.0 2905.0 545.0 0.0 0.0 0.0 0.0 0.0 0.0 0.0 0.0 0.0 0.0 0.0 0.0 0.0 0.0 0.0 0.0 0.0 0.0 0.0 0.0 0.0 0.0 0.0 0.0 0.0 0.0 0.0 0.0 0.0 0.0 0.0 0.0 0.0 0.0 0.0 0.0 0.0 0.0 0.0 0.0 0.0 0.0 0.0 0.0 0.0
407.0 211.0 120.0 395.0 210.0 311.0 66.0 546.0 34.0 469.0 39.0 44.0 44.0 40.0 42.0 248.0 2173.0 486.0 539.0 774.0 2361.0 1398.0 1415.0 4.0 4.0 4.0 4.0 492.0 271.0 10712.0 1023.0 2520.0 1018.0 273.0 2909.0 553.0 0.0 0.0 0.0 0.0 0.0 0.0 0.0 0.0 0.0 0.0 0.0 0.0 0.0 0.0 0.0 0.0 0.0 0.0 0.0 0.0 0.0 0.0 0.0 0.0 0.0 0.0 0.0 0.0 0.0 0.0 0.0 0.0 0.0 0.0 0.0 0.0 0.0 0.0 0.0 0.0 0.0 0.0 0.0 0.0 0.0
510.0 31.0 101.0 137.0 462.0 242.0 71.0 476.0 2.0 444.0 12.0 12.0 8.0 10.0 18.0 15.0 2324.0 455.0 506.0 598.0 493.0 2666.0 1933.0 77.0 0.0 0.0 488.0 267.0 285.0 10326.0 1446.0 2191.0 1019.0 235.0 2939.0 561.0 0.0 0.0 0.0 0.0 0.0 0.0 0.0 0.0 0.0 0.0 0.0 0.0 0.0 0.0 0.0 0.0 0.0 0.0 0.0 0.0 0.0 0.0 0.0 0.0 0.0 0.0 0.0 0.0 0.0 0.0 0.0 0.0 0.0 0.0 0.0 0.0 0.0 0.0 0.0 0.0 0.0 0.0 0.0 0.0 0.0
502.0 59.0 29.0 219.0 203.0 525.0 33.0 476.0 9.0 449.0 12.0 8.0 10.0 18.0 15.0 26.0 2162.0 659.0 540.0 878.0 81.0 544.0 4115.0 87.0 79.0 490.0 269.0 287.0 18.0 10681.0 994.0 2268.0 1023.0 235.0 2910.0 590.0 0.0 0.0 0.0 0.0 0.0 0.0 0.0 0.0 0.0 0.0 0.0 0.0 0.0 0.0 0.0 0.0 0.0 0.0 0.0 0.0 0.0 0.0 0.0 0.0 0.0 0.0 0.0 0.0 0.0 0.0 0.0 0.0 0.0 0.0 0.0 0.0 0.0 0.0 0.0 0.0 0.0 0.0 0.0 0.0 0.0
282.0 468.0 128.0 46.0 254.0 223.0 514.0 435.0 146.0 476.0 43.0 45.0 53.0 50.0 61.0 115.0 2047.0 468.0 902.0 605.0 76.0 398.0 3367.0 888.0 573.0 344.0 285.0 16.0 318.0 10361.0 994.0 2232.0 1059.0 235.0 2910.0 590.0 0.0 0.0 0.0 0.0 0.0 0.0 0.0 0.0 0.0 0.0 0.0 0.0 0.0 0.0 0.0 0.0 0.0 0.0 0.0 0.0 0.0 0.0 0.0 0.0 0.0 0.0 0.0 0.0 0.0 0.0 0.0 0.0 0.0 0.0 0.0 0.0 0.0 0.0 0.0 0.0 0.0 0.0 0.0 0.0 0.0
236.0 260.0 460.0 94.0 26.0 183.0 208.0 866.0 77.0 536.0 10.0 18.0 15.0 26.0 80.0 10.0 2037.0 702.0 521.0 752.0 76.0 398.0 3104.0 751.0 1155.0 370.0 93.0 318.0 40.0 10321.0 994.0 2223.0 1047.0 256.0 2910.0 590.0 0.0 0.0 0.0 0.0 0.0 0.0 0.0 0.0 0.0 0.0 0.0 0.0 0.0 0.0 0.0 0.0 0.0 0.0 0.0 0.0 0.0 0.0 0.0 0.0 0.0 0.0 0.0 0.0 0.0 0.0 0.0 0.0 0.0 0.0 0.0 0.0 0.0 0.0 0.0 0.0 0.0 0.0 0.0 0.0 0.0
143.0 196.0 565.0 145.0 64.0 32.0 196.0 573.0 517.0 553.0 33.0 15.0 26.0 80.0 10.0 12.0 2259.0 468.0 521.0 614.0 214.0 398.0 3391.0 468.0 548.0 904.0 403.0 117.0 46.0 10275.0 994.0 2223.0 1041.0 241.0 2931.0 590.0 0.0 0.0 0.0 0.0 0.0 0.0 0.0 0.0 0.0 0.0 0.0 0.0 0.0 0.0 0.0 0.0 0.0 0.0 0.0 0.0 0.0 0.0 0.0 0.0 0.0 0.0 0.0 0.0 0.0 0.0 0.0 0.0 0.0 0.0 0.0 0.0 0.0 0.0 0.0 0.0 0.0 0.0 0.0 0.0 0.0
14027.0 262.0 648.0 385.0 1143.0 71.0 34.0 553.0 221.0 1001.0 63.0 41.0 80.0 10.0 12.0 242.0 2017.0 467.0 521.0 615.0 77.0 1023.0 3033.0 422.0 217.0 581.0 928.0 131.0 109.0 10243.0 994.0 2214.0 1047.0 241.0 2925.0 599.0 0.0 0.0 0.0 0.0 0.0 0.0 0.0 0.0 0.0 0.0 0.0 0.0 0.0 0.0 0.0 0.0 0.0 0.0 0.0 0.0 0.0 0.0 0.0 0.0 0.0 0.0 0.0 0.0 0.0 0.0 0.0 0.0 0.0 0.0 0.0 0.0 0.0 0.0 0.0 0.0 0.0 0.0 0.0 0.0 0.0
1108.0 14025.0 548.0 485.0 1673.0 1425.0 66.0 392.0 216.0 662.0 555.0 128.0 25.0 12.0 242.0 21.0 1996.0 467.0 522.0 614.0 565.0 665.0 2859.0 345.0 455.0 241.0 309.0 920.0 109.0 10296.0 994.0 2214.0 1041.0 244.0 2925.0 527.0 75.0 0.0 0.0 0.0 0.0 0.0 0.0 0.0 0.0 0.0 0.0 0.0 0.0 0.0 0.0 0.0 0.0 0.0 0.0 0.0 0.0 0.0 0.0 0.0 0.0 0.0 0.0 0.0 0.0 0.0 0.0 0.0 0.0 0.0 0.0 0.0 0.0 0.0 0.0 0.0 0.0 0.0 0.0 0.0 0.0
690.0 884.0 14223.0 1159.0 2171.0 938.0 705.0 437.0 51.0 621.0 312.0 539.0 60.0 257.0 21.0 36.0 1960.0 468.0 521.0 1102.0 344.0 683.0 2282.0 626.0 369.0 183.0 233.0 287.0 906.0 10286.0 1071.0 2214.0 1041.0 241.0 2919.0 311.0 225.0 75.0 0.0 0.0 0.0 0.0 0.0 0.0 0.0 0.0 0.0 0.0 0.0 0.0 0.0 0.0 0.0 0.0 0.0 0.0 0.0 0.0 0.0 0.0 0.0 0.0 0.0 0.0 0.0 0.0 0.0 0.0 0.0 0.0 0.0 0.0 0.0 0.0 0.0 0.0 0.0 0.0 0.0 0.0 0.0
19698.0 19896.0 20190.0 15997.0 2037.0 3524.0 2856.0 1825.0 1532.0 1615.0 1488.0 1535.0 1987.0 1320.0 1302.0 1386.0 1673.0 2730.0 2092.0 1763.0 1863.0 1068.0 1524.0 3163.0 1217.0 1251.0 1051.0 1109.0 1170.0 12005.0 1214.0 2155.0 1119.0 339.0 632.0 2313.0 311.0 225.0 75.0 0.0 0.0 0.0 0.0 0.0 0.0 0.0 0.0 0.0 0.0 0.0 0.0 0.0 0.0 0.0 0.0 0.0 0.0 0.0 0.0 0.0 0.0 0.0 0.0 0.0 0.0 0.0 0.0 0.0 0.0 0.0 0.0 0.0 0.0 0.0 0.0 0.0 0.0 0.0 0.0 0.0 0.0
2185.0 2336.0 2680.0 18767.0 14468.0 1084.0 3048.0 1531.0 888.0 944.0 209.0 501.0 402.0 678.0 330.0 170.0 593.0 657.0 1751.0 809.0 613.0 969.0 244.0 1380.0 1567.0 444.0 492.0 297.0 640.0 12468.0 3272.0 2522.0 2295.0 547.0 1721.0 1991.0 1436.0 311.0 225.0 75.0 0.0 0.0 0.0 0.0 0.0 0.0 0.0 0.0 0.0 0.0 0.0 0.0 0.0 0.0 0.0 0.0 0.0 0.0 0.0 0.0 0.0 0.0 0.0 0.0 0.0 0.0 0.0 0.0 0.0 0.0 0.0 0.0 0.0 0.0 0.0 0.0 0.0 0.0 0.0 0.0 0.0
2695.0 3004.0 2791.0 2663.0 18723.0 14694.0 1097.0 2874.0 1746.0 1599.0 732.0 581.0 730.0 879.0 1011.0 562.0 1291.0 896.0 888.0 1799.0 2024.0 1767.0 1791.0 1480.0 295.0 1591.0 511.0 837.0 643.0 12600.0 2038.0 3582.0 2757.0 936.0 1215.0 3616.0 338.0 410.0 311.0 225.0 75.0 0.0 0.0 0.0 0.0 0.0 0.0 0.0 0.0 0.0 0.0 0.0 0.0 0.0 0.0 0.0 0.0 0.0 0.0 0.0 0.0 0.0 0.0 0.0 0.0 0.0 0.0 0.0 0.0 0.0 0.0 0.0 0.0 0.0 0.0 0.0 0.0 0.0 0.0 0.0 0.0
12419.0 2006.0 2164.0 3097.0 2643.0 18415.0 14762.0 1420.0 2912.0 2714.0 1452.0 881.0 982.0 1832.0 937.0 2457.0 1142.0 1071.0 744.0 1048.0 2992.0 2578.0 2244.0 2611.0 435.0 409.0 1955.0 908.0 2199.0 12695.0 2112.0 3831.0 4345.0 715.0 2968.0 3412.0 1596.0 346.0 414.0 316.0 226.0 76.0 0.0 0.0 0.0 0.0 0.0 0.0 0.0 0.0 0.0 0.0 0.0 0.0 0.0 0.0 0.0 0.0 0.0 0.0 0.0 0.0 0.0 0.0 0.0 0.0 0.0 0.0 0.0 0.0 0.0 0.0 0.0 0.0 0.0 0.0 0.0 0.0 0.0 0.0 0.0
10002.0 11512.0 1648.0 2425.0 2753.0 2416.0 18143.0 14563.0 1457.0 3962.0 1273.0 1351.0 732.0 606.0 1769.0 1861.0 2806.0 1378.0 930.0 707.0 762.0 3171.0 1598.0 3523.0 502.0 488.0 424.0 2315.0 766.0 14066.0 2347.0 4465.0 3822.0 2400.0 3012.0 4638.0 1731.0 1592.0 390.0 1386.0 322.0 232.0 76.0 0.0 0.0 0.0 0.0 0.0 0.0 0.0 0.0 0.0 0.0 0.0 0.0 0.0 0.0 0.0 0.0 0.0 0.0 0.0 0.0 0.0 0.0 0.0 0.0 0.0 0.0 0.0 0.0 0.0 0.0 0.0 0.0 0.0 0.0 0.0 0.0 0.0 0.0
2026.0 10514.0 11764.0 1765.0 2111.0 2842.0 2369.0 18104.0 14734.0 3487.0 1657.0 1167.0 980.0 991.0 803.0 2358.0 2338.0 2303.0 1399.0 1617.0 651.0 169.0 2378.0 4387.0 933.0 634.0 980.0 374.0 2036.0 13589.0 3794.0 3569.0 5040.0 1442.0 4601.0 4588.0 1961.0 731.0 1968.0 1889.0 1337.0 1310.0 232.0 76.0 0.0 0.0 0.0 0.0 0.0 0.0 0.0 0.0 0.0 0.0 0.0 0.0 0.0 0.0 0.0 0.0 0.0 0.0 0.0 0.0 0.0 0.0 0.0 0.0 0.0 0.0 0.0 0.0 0.0 0.0 0.0 0.0 0.0 0.0 0.0 0.0 0.0
9003.0 9240.0 17668.0 18410.0 9120.0 10164.0 12072.0 12665.0 28684.0 44354.0 601.0 1192.0 2286.0 1136.0 675.0 596.0 1924.0 1909.0 3485.0 1163.0 698.0 100.0 748.0 5590.0 966.0 1395.0 585.0 661.0 702.0 15235.0 2484.0 5635.0 4132.0 1699.0 4330.0 6368.0 1548.0 1693.0 2206.0 2872.0 2211.0 746.0 265.0 240.0 79.0 0.0 0.0 0.0 0.0 0.0 0.0 0.0 0.0 0.0 0.0 0.0 0.0 0.0 0.0 0.0 0.0 0.0 0.0 0.0 0.0 0.0 0.0 0.0 0.0 0.0 0.0 0.0 0.0 0.0 0.0 0.0 0.0 0.0 0.0 0.0 0.0
468.0 324.0 510.0 11545.0 10169.0 962.0 885.0 1373.0 1592.0 1281.0 43828.0 17717.0 18906.0 19018.0 18655.0 18413.0 10910.0 12295.0 12049.0 13534.0 11351.0 11393.0 11110.0 13913.0 13671.0 11204.0 12174.0 12004.0 12305.0 11331.0 14822.0 7397.0 8076.0 5589.0 6811.0 8605.0 6717.0 6017.0 6265.0 4779.0 3164.0 1508.0 1211.0 1723.0 1216.0 79.0 0.0 0.0 0.0 0.0 0.0 0.0 0.0 0.0 0.0 0.0 0.0 0.0 0.0 0.0 0.0 0.0 0.0 0.0 0.0 0.0 0.0 0.0 0.0 0.0 0.0 0.0 0.0 0.0 0.0 0.0 0.0 0.0 0.0 0.0 0.0
266.0 408.0 299.0 1638.0 10662.0 10064.0 1718.0 1327.0 1518.0 1505.0 2280.0 28037.0 1912.0 2277.0 3176.0 1778.0 9139.0 1257.0 1717.0 1603.0 3589.0 1113.0 1066.0 4945.0 1183.0 4057.0 3260.0 2628.0 2484.0 14964.0 5749.0 12403.0 6866.0 4912.0 4978.0 10940.0 3587.0 3815.0 3834.0 4478.0 2562.0 2150.0 2192.0 2715.0 1689.0 1151.0 79.0 0.0 0.0 0.0 0.0 0.0 0.0 0.0 0.0 0.0 0.0 0.0 0.0 0.0 0.0 0.0 0.0 0.0 0.0 0.0 0.0 0.0 0.0 0.0 0.0 0.0 0.0 0.0 0.0 0.0 0.0 0.0 0.0 0.0 0.0
353.0 235.0 346.0 1501.0 957.0 10413.0 10343.0 1101.0 835.0 2034.0 2032.0 1874.0 26928.0 1269.0 1560.0 3282.0 1833.0 7889.0 769.0 1578.0 1564.0 3129.0 1379.0 4208.0 909.0 1245.0 4688.0 1734.0 3790.0 9053.0 7919.0 6492.0 12080.0 4595.0 8635.0 9575.0 4827.0 4343.0 4528.0 4464.0 4336.0 2968.0 3287.0 3234.0 2662.0 1697.0 1074.0 79.0 0.0 0.0 0.0 0.0 0.0 0.0 0.0 0.0 0.0 0.0 0.0 0.0 0.0 0.0 0.0 0.0 0.0 0.0 0.0 0.0 0.0 0.0 0.0 0.0 0.0 0.0 0.0 0.0 0.0 0.0 0.0 0.0 0.0
209.0 285.0 408.0 1336.0 852.0 982.0 10208.0 10051.0 1798.0 1415.0 2002.0 1768.0 2002.0 27682.0 2864.0 1989.0 2436.0 1349.0 7846.0 1273.0 1933.0 3136.0 3348.0 5274.0 1432.0 1744.0 1559.0 4809.0 3051.0 10447.0 4788.0 8695.0 7712.0 12792.0 6306.0 12063.0 5518.0 5321.0 4680.0 5624.0 4878.0 4513.0 2598.0 3186.0 1569.0 2200.0 739.0 523.0 1058.0 0.0 0.0 0.0 0.0 0.0 0.0 0.0 0.0 0.0 0.0 0.0 0.0 0.0 0.0 0.0 0.0 0.0 0.0 0.0 0.0 0.0 0.0 0.0 0.0 0.0 0.0 0.0 0.0 0.0 0.0 0.0 0.0
312.0 372.0 305.0 1375.0 865.0 570.0 719.0 10880.0 10578.0 1628.0 1378.0 2011.0 2946.0 3776.0 28200.0 1691.0 1753.0 2458.0 2605.0 7878.0 3200.0 2319.0 2873.0 8164.0 2165.0 1362.0 3044.0 1705.0 4765.0 11257.0 4872.0 6614.0 10687.0 6204.0 10317.0 13462.0 5581.0 4291.0 4717.0 5244.0 6248.0 6408.0 4622.0 2538.0 3457.0 2581.0 1829.0 1268.0 267.0 0.0 0.0 0.0 0.0 0.0 0.0 0.0 0.0 0.0 0.0 0.0 0.0 0.0 0.0 0.0 0.0 0.0 0.0 0.0 0.0 0.0 0.0 0.0 0.0 0.0 0.0 0.0 0.0 0.0 0.0 0.0 0.0
896.0 323.0 426.0 1443.0 574.0 607.0 1198.0 2184.0 10834.0 10363.0 18162.0 17618.0 17522.0 17138.0 16514.0 40716.0 15442.0 15453.0 15680.0 15842.0 19525.0 19367.0 19926.0 18524.0 9611.0 8148.0 7004.0 5496.0 4918.0 14965.0 7295.0 10224.0 8403.0 7367.0 9146.0 18693.0 5557.0 5861.0 4878.0 5788.0 5653.0 8770.0 4449.0 4121.0 3804.0 3760.0 2917.0 1307.0 267.0 0.0 0.0 0.0 0.0 0.0 0.0 0.0 0.0 0.0 0.0 0.0 0.0 0.0 0.0 0.0 0.0 0.0 0.0 0.0 0.0 0.0 0.0 0.0 0.0 0.0 0.0 0.0 0.0 0.0 0.0 0.0 0.0
5177.0 5824.0 5493.0 5007.0 5970.0 5976.0 6110.0 5749.0 6295.0 31879.0 14480.0 5481.0 5290.0 6490.0 7351.0 6899.0 28831.0 3935.0 3399.0 3988.0 3729.0 3217.0 2425.0 17006.0 8313.0 8141.0 8054.0 7686.0 8414.0 12698.0 10100.0 7804.0 7889.0 8078.0 11212.0 14646.0 3212.0 4587.0 3921.0 4535.0 3907.0 5536.0 1863.0 2177.0 1398.0 1589.0 1743.0 1638.0 267.0 0.0 0.0 0.0 0.0 0.0 0.0 0.0 0.0 0.0 0.0 0.0 0.0 0.0 0.0 0.0 0.0 0.0 0.0 0.0 0.0 0.0 0.0 0.0 0.0 0.0 0.0 0.0 0.0 0.0 0.0 0.0 0.0
2014.0 1954.0 2270.0 3459.0 2778.0 3427.0 2895.0 3669.0 18392.0 3551.0 12279.0 11633.0 2822.0 3583.0 4171.0 3742.0 5364.0 27170.0 1899.0 2573.0 2396.0 2168.0 1712.0 8891.0 4478.0 3080.0 3136.0 3111.0 4203.0 17830.0 6573.0 8892.0 9123.0 10077.0 7884.0 11716.0 4794.0 5473.0 5017.0 5728.0 4284.0 6527.0 2019.0 1523.0 2332.0 2064.0 955.0 937.0 267.0 0.0 0.0 0.0 0.0 0.0 0.0 0.0 0.0 0.0 0.0 0.0 0.0 0.0 0.0 0.0 0.0 0.0 0.0 0.0 0.0 0.0 0.0 0.0 0.0 0.0 0.0 0.0 0.0 0.0 0.0 0.0 0.0
2475.0 2428.0 2522.0 4382.0 3760.0 3201.0 4462.0 18075.0 3856.0 3730.0 4169.0 13157.0 12760.0 3582.0 3410.0 4182.0 3882.0 5157.0 28255.0 1983.0 2193.0 2531.0 3308.0 9778.0 1616.0 3683.0 4202.0 4554.0 5290.0 13971.0 8518.0 8474.0 13129.0 7809.0 6732.0 11720.0 4737.0 6613.0 4963.0 5118.0 4450.0 6602.0 1178.0 1365.0 1259.0 1431.0 1915.0 936.0 267.0 0.0 0.0 0.0 0.0 0.0 0.0 0.0 0.0 0.0 0.0 0.0 0.0 0.0 0.0 0.0 0.0 0.0 0.0 0.0 0.0 0.0 0.0 0.0 0.0 0.0 0.0 0.0 0.0 0.0 0.0 0.0 0.0
2684.0 2931.0 4326.0 3658.0 3959.0 3986.0 15943.0 3670.0 3540.0 3958.0 3301.0 3686.0 12731.0 12071.0 3327.0 4022.0 4349.0 4348.0 5286.0 27709.0 2092.0 2672.0 3607.0 11037.0 2183.0 2584.0 4845.0 6546.0 3843.0 15129.0 8414.0 12066.0 9935.0 7795.0 6967.0 10961.0 3425.0 3993.0 4339.0 3937.0 3611.0 6996.0 1347.0 1461.0 442.0 964.0 1224.0 936.0 267.0 0.0 0.0 0.0 0.0 0.0 0.0 0.0 0.0 0.0 0.0 0.0 0.0 0.0 0.0 0.0 0.0 0.0 0.0 0.0 0.0 0.0 0.0 0.0 0.0 0.0 0.0 0.0 0.0 0.0 0.0 0.0 0.0
2224.0 2742.0 3252.0 3769.0 3179.0 15898.0 2924.0 2497.0 2851.0 3454.0 3316.0 2850.0 2928.0 12352.0 12854.0 4029.0 3896.0 4253.0 3983.0 5327.0 28158.0 2372.0 2393.0 11421.0 2965.0 3273.0 4682.0 3815.0 5091.0 16629.0 8955.0 8926.0 8507.0 6860.0 8641.0 10309.0 4190.0 4930.0 5250.0 6341.0 3802.0 8312.0 1826.0 245.0 428.0 911.0 1224.0 936.0 267.0 0.0 0.0 0.0 0.0 0.0 0.0 0.0 0.0 0.0 0.0 0.0 0.0 0.0 0.0 0.0 0.0 0.0 0.0 0.0 0.0 0.0 0.0 0.0 0.0 0.0 0.0 0.0 0.0 0.0 0.0 0.0 0.0
1839.0 1981.0 1919.0 1888.0 13988.0 1650.0 1881.0 1608.0 1261.0 1730.0 1619.0 1649.0 1619.0 2074.0 11958.0 11286.0 3025.0 3313.0 4299.0 4341.0 5557.0 27754.0 1507.0 12103.0 3205.0 4530.0 2920.0 2871.0 4029.0 18272.0 6989.0 6469.0 7580.0 7391.0 7001.0 10235.0 5544.0 6024.0 5627.0 5527.0 5653.0 8723.0 57.0 372.0 401.0 905.0 1224.0 934.0 267.0 0.0 0.0 0.0 0.0 0.0 0.0 0.0 0.0 0.0 0.0 0.0 0.0 0.0 0.0 0.0 0.0 0.0 0.0 0.0 0.0 0.0 0.0 0.0 0.0 0.0 0.0 0.0 0.0 0.0 0.0 0.0 0.0
57633.0 57213.0 56693.0 56811.0 44434.0 44227.0 43387.0 43647.0 42663.0 41870.0 42299.0 42000.0 41920.0 40975.0 40504.0 48628.0 48352.0 39939.0 40958.0 42530.0 42923.0 45087.0 69760.0 34748.0 22809.0 19837.0 19354.0 17758.0 14898.0 28680.0 14438.0 14364.0 14496.0 12361.0 12850.0 13177.0 7575.0 8721.0 7418.0 7635.0 6433.0 10849.0 22.0 218.0 1437.0 905.0 1224.0 934.0 267.0 0.0 0.0 0.0 0.0 0.0 0.0 0.0 0.0 0.0 0.0 0.0 0.0 0.0 0.0 0.0 0.0 0.0 0.0 0.0 0.0 0.0 0.0 0.0 0.0 0.0 0.0 0.0 0.0 0.0 0.0 0.0 0.0
623.0 203.0 596.0 461.0 471.0 577.0 632.0 787.0 1085.0 767.0 396.0 1148.0 906.0 1378.0 1172.0 1810.0 10843.0 10552.0 1320.0 1389.0 2408.0 2245.0 2397.0 49092.0 9196.0 2522.0 2409.0 2997.0 6277.0 9111.0 8361.0 5628.0 6911.0 7232.0 7658.0 11103.0 5216.0 6622.0 7000.0 6874.0 4813.0 8532.0 5006.0 3332.0 2394.0 1986.0 1225.0 857.0 257.0 0.0 0.0 0.0 0.0 0.0 0.0 0.0 0.0 0.0 0.0 0.0 0.0 0.0 0.0 0.0 0.0 0.0 0.0 0.0 0.0 0.0 0.0 0.0 0.0 0.0 0.0 0.0 0.0 0.0 0.0 0.0 0.0
241.0 684.0 487.0 242.0 366.0 765.0 708.0 910.0 704.0 1190.0 627.0 438.0 1190.0 948.0 1420.0 1214.0 2196.0 10457.0 10529.0 1295.0 1379.0 2460.0 2191.0 7161.0 43978.0 8600.0 2347.0 5145.0 3855.0 10746.0 4263.0 8266.0 6483.0 6709.0 8506.0 12454.0 5170.0 5265.0 6507.0 6547.0 4932.0 8019.0 1702.0 2572.0 2328.0 1272.0 1167.0 850.0 256.0 0.0 0.0 0.0 0.0 0.0 0.0 0.0 0.0 0.0 0.0 0.0 0.0 0.0 0.0 0.0 0.0 0.0 0.0 0.0 0.0 0.0 0.0 0.0 0.0 0.0 0.0 0.0 0.0 0.0 0.0 0.0 0.0
3413.0 3224.0 2988.0 3046.0 3015.0 4100.0 3593.0 4465.0 3951.0 3739.0 4367.0 3822.0 3633.0 4385.0 4143.0 4615.0 4218.0 4380.0 13052.0 13122.0 3898.0 4030.0 5851.0 7196.0 2572.0 43147.0 11126.0 2263.0 3353.0 9971.0 4133.0 3839.0 8983.0 6401.0 8358.0 12748.0 5554.0 5712.0 5706.0 6268.0 5416.0 7606.0 1712.0 1602.0 2100.0 2267.0 1162.0 846.0 256.0 0.0 0.0 0.0 0.0 0.0 0.0 0.0 0.0 0.0 0.0 0.0 0.0 0.0 0.0 0.0 0.0 0.0 0.0 0.0 0.0 0.0 0.0 0.0 0.0 0.0 0.0 0.0 0.0 0.0 0.0 0.0 0.0
3080.0 1735.0 1795.0 1781.0 1973.0 1789.0 2196.0 2164.0 2220.0 2328.0 2149.0 2774.0 2238.0 2049.0 2801.0 2559.0 3761.0 2574.0 3167.0 11837.0 11908.0 3641.0 3114.0 10218.0 2314.0 5324.0 43538.0 7861.0 3235.0 9485.0 3988.0 3875.0 4765.0 7913.0 7963.0 12598.0 5234.0 4355.0 4935.0 4988.0 4502.0 7627.0 1285.0 1438.0 1606.0 1756.0 1157.0 847.0 256.0 0.0 0.0 0.0 0.0 0.0 0.0 0.0 0.0 0.0 0.0 0.0 0.0 0.0 0.0 0.0 0.0 0.0 0.0 0.0 0.0 0.0 0.0 0.0 0.0 0.0 0.0 0.0 0.0 0.0 0.0 0.0 0.0
