hikingtest_data/elev_a_crop_resamp.asc
ncols         96
nrows         72
xllcorner     473195
yllcorner     4286505
cellsize      50
NODATA_value  -9999
[rows 0 to 27 of 72, columns 0 to 62 of 96]
181.7054 182.8257 193.5975 201.3701 201.7535 200.4999 200.3857 206.6831 210.3741 208.9941 207.6748 198.7342 185.3441 177.447 166.0203 153.7212 148.0251 144.7167 139.5601 139.4885 133.2453 123.1009 114.7932 91.45002 87.15263 92.1742 101.4115 112.728 120.3437 130.4551 138.1804 146.4716 154.7458 160.6942 165.2127 167.7279 169.1053 166.0797 165.4774 170.5531 170.1435 166.8087 168.892 169.3919 166.7305 167.5778 175.6123 182.9651 178.2742 168.856 165.15 163.5848 164.0246 168.2329 174.8697 165.0844 175.5192 178.3051 171.553 165.8143 165.9342 165.4474 177.1877
187.4914 189.6389 194.7589 197.5742 200.7217 200.116 198.7096 206.0218 207.1341 210.9724 211.4635 200.911 186.2832 178.5612 172.4086 163.6422 163.2468 160.3463 152.7222 149.2741 141.3791 130.1673 119.5318 86.60548 90.50022 91.05099 93.3402 103.5609 110.1109 120.3907 131.6862 142.2061 150.98 159.8863 162.8593 163.8204 161.1573 158.9609 156.2704 159.6079 163.1176 161.1433 162.2 163.7594 162.7862 166.6556 169.577 173.7574 169.5943 165.455 162.1525 162.0197 164.4608 166.7952 168.1439 167.0517 168.2324 167.0309 159.0183 157.3846 160.2827 164.7823 171.2946
190.7859 188.5536 183.9474 186.1048 189.9435 189.787 192.6603 200.4785 206.1869 210.2097 208.1779 204.7077 194.4398 185.4211 178.7734 174.8152 173.3524 171.6948 163.5578 155.9907 147.2977 129.4919 108.6472 98.26482 100.1561 97.6074 92.78289 97.16319 103.7527 112.0758 120.8853 128.7722 136.2886 147.4234 154.3442 152.1083 152.0659 154.6155 155.8824 155.5204 153.704 158.3354 163.3482 165.2901 166.5856 166.6036 169.865 171.2969 168.4494 163.716 164.8939 164.7418 161.2015 161.2632 161.7706 161.6532 166.6138 163.2758 157.9077 155.833 155.403 160.7868 165.8634
186.6073 181.928 176.0146 179.4296 188.1217 187.6204 191.5222 195.655 200.2166 205.0086 204.7148 204.4529 204.0455 194.9781 187.0218 183.1395 180.4056 179.5829 173.9963 162.0051 151.3588 135.3855 121.7234 113.0459 107.1425 99.58958 92.26226 92.00127 100.1612 106.9667 113.1919 120.2955 125.8376 130.4124 139.0967 142.3869 144.9704 147.5653 152.2769 152.2683 151.3348 156.6884 165.8646 170.8567 173.6723 173.8528 173.5977 172.2189 170.1704 169.8101 167.2617 165.153 164.434 164.4867 166.2766 166.6167 165.3809 163.4294 162.8953 159.9134 158.5914 159.7093 166.771
180.2069 175.7152 172.9106 178.2558 191.7926 194.2688 189.6143 188.126 193.1411 198.2292 199.1079 199.2154 200.9046 195.0039 188.6948 189.2847 187.1367 183.1208 179.4601 167.7607 151.79 139.2006 130.92 125.3218 114.9487 104.5242 92.82536 93.96697 95.68664 101.9904 107.7299 115.2372 122.1516 128.1384 133.29 136.7177 143.1284 143.359 144.2578 148.7417 153.2115 159.1066 164.6044 162.3693 164.489 164.1691 171.3089 172.281 172.6206 166.7506 162.2511 165.1208 165.0889 174.701 175.0278 169.8459 159.7883 162.6783 172.2314 170.5099 166.8826 169.5941 169.9654
178.6268 176.6784 172.9297 180.2641 194.4464 202.9375 191.7482 187.9517 192.4947 194.607 194.6939 194.8387 193.6216 188.6405 183.9126 187.4349 190.7392 186.2693 177.6235 165.719 150.6245 137.3819 129.8738 121.137 115.3951 106.2492 100.8951 93.69675 96.15136 96.00398 100.0414 108.4488 121.1095 128.8246 132.8722 134.0324 142.7991 144.3744 146.0101 153.2165 160.5356 162.3758 158.4057 156.2785 154.6449 155.506 165.1082 170.6382 171.4822 166.0992 165.2758 164.8101 166.9082 172.1645 176.3044 169.6332 165.646 165.8913 169.4428 170.4881 167.1732 167.8518 161.8804
180.2797 175.0139 172.2415 186.1918 199.2492 208.5367 197.1176 187.0104 190.5623 190.0596 191.6944 187.8079 182.3172 180.741 180.1119 182.1595 185.8711 181.1835 171.0937 160.6807 149.1459 135.1848 128.2594 119.3067 107.3576 103.8385 105.7438 99.97027 94.8045 93.48875 94.28594 98.24481 117.135 130.5044 140.3588 142.7363 149.1355 152.828 151.8766 157.2728 163.6363 158.576 152.1639 152.6022 152.4995 152.4272 158.8684 160.7668 169.0749 173.3078 167.3958 170.3636 172.9442 174.1694 176.4 171.9925 166.9996 163.6897 163.5179 157.4877 154.8754 160.9374 155.6058
177.2989 170.2419 172.0941 186.794 189.9925 201.1914 198.6454 188.1322 190.0372 190.9135 193.1735 186.6909 178.8006 178.611 180.0996 178.0951 177.6179 175.993 174.9447 170.1957 160.7191 149.551 142.8782 131.8851 115.8765 107.5164 105.3111 98.39841 92.03183 92.38209 93.17149 93.32835 115.4642 129.9666 153.2771 170.3832 168.0942 168.3479 163.3287 164.7717 160.6078 153.1097 154.6068 155.2109 150.421 152.9991 152.9032 155.922 162.74 167.5104 173.1102 183.3444 179.1122 175.9881 165.4259 164.5733 157.9271 159.4127 157.5061 154.2501 144.4353 151.7647 153.9631
169.903 165.188 169.7345 179.4771 180.0134 190.7375 198.9108 193.4869 189.7631 192.9507 190.4427 186.9476 181.978 180.1774 176.4637 173.0996 175.7703 176.6655 174.3715 170.6398 164.4579 159.8138 153.4438 142.0148 127.0092 113.2574 106.1885 98.77181 91.20215 91.09815 91.6404 88.75034 108.8748 129.7278 159.0264 170.4802 176.0858 174.7292 180.6166 172.774 158.7139 151.9634 158.157 160.6923 150.9026 150.5983 155.0435 152.5503 162.2678 167.6056 166.5714 183.641 180.8564 165.4111 158.1934 157.3722 153.9803 157.0146 162.0383 161.1704 152.3191 152.7267 149.5425
171.6724 169.9962 171.3792 176.1742 179.1555 182.6361 188.3685 189.2588 187.2924 188.7238 188.2698 187.21 183.8687 181.133 175.5165 172.3826 177.0198 175.4765 169.823 168.3166 162.4922 155.2789 153.7715 149.184 135.1161 116.4317 104.7709 98.64563 90.27208 88.54047 79.87457 80.4713 94.9026 120.2317 147.342 162.3514 172.2268 179.7753 176.9674 164.4775 158.3258 155.0899 155.1288 157.4963 151.1089 146.679 142.4466 149.1053 157.0539 161.4377 165.6146 172.5377 167.6398 163.7023 158.864 155.2578 156.7704 156.5419 162.137 167.4331 159.378 151.659 153.0984
170.5276 174.566 172.7431 174.2775 185.9471 189.582 184.8556 181.0273 180.871 182.4962 183.3434 185.27 182.3575 179.5795 174.8298 169.8051 172.8435 171.7553 170.0827 167.0768 159.8397 152.7696 145.4478 144.0081 133.0716 115.2379 102.783 100.1811 96.31616 88.55823 75.4642 79.84885 88.99485 109.672 139.1712 155.5578 164.692 170.4204 172.6646 164.6811 155.5114 155.3304 157.5724 150.1812 146.0128 143.7784 140.8413 144.2683 155.5575 169.9434 178.26 170.9528 170.1585 165.7879 156.2771 154.6509 155.2827 153.3266 159.1835 161.8542 153.9364 149.1725 149.2961
162.0399 169.471 171.0409 172.6762 183.3573 190.8398 180.3002 172.6347 177.3757 181.2528 180.8233 178.7888 177.8495 176.3197 173.6745 171.2186 172.0962 172.4846 172.424 171.4055 165.6698 151.5262 136.8584 134.8096 125.8325 113.8394 107.4899 106.0113 103.0675 90.89705 80.44467 80.47006 91.32832 109.2068 132.0461 145.6692 150.4813 155.9406 168.9379 168.0605 157.6222 158.1905 157.5236 145.2705 142.9662 135.7813 136.2277 136.9456 153.5217 175.5186 186.0023 176.3323 172.2878 174.1121 164.4561 154.5251 153.099 155.8755 162.873 159.2347 154.2406 148.9641 142.3159
152.474 160.6969 166.2583 169.9588 183.0112 188.1967 173.9748 168.9185 173.0439 179.0811 176.9398 175.3414 175.0151 174.5853 172.6331 170.645 170.8292 168.9014 168.0549 169.2855 165.388 155.0155 137.6095 130.8391 123.2756 115.4902 110.8682 107.6176 100.9204 94.42636 83.07531 82.01505 100.3868 112.5862 125.9482 136.2372 149.6674 152.5501 161.6461 168.9196 161.1101 152.512 149.0533 141.0155 136.481 136.159 138.055 129.5626 132.0951 160.8058 178.8368 182.4494 174.9336 174.5359 171.6963 164.2333 163.6827 163.5977 165.1814 154.1171 149.9291 146.8403 135.9377
150.088 154.1029 158.1496 166.2252 177.101 182.3539 175.1128 172.5747 177.0767 179.4936 178.4959 178.8021 177.3812 174.287 172.5289 167.8875 166.2011 163.1283 164.4678 163.0208 159.7176 155.874 141.0573 129.2096 125.6023 116.9528 112.4489 104.0583 99.28087 98.42023 91.56705 93.42364 99.98232 108.9117 120.8628 128.8607 144.04 152.2792 156.3439 160.0792 159.1629 151.1238 144.3033 136.7483 133.9614 131.6933 129.6393 128.246 134.1485 149.8656 171.0129 176.9711 176.0725 177.4713 172.5544 170.3738 166.4781 159.5106 157.8043 147.5162 143.1228 137.9371 140.5434
150.212 150.9079 149.4814 160.4043 175.4868 181.848 177.2021 178.0403 175.3714 176.75 173.5907 168.8611 167.2441 168.5159 172.3673 171.7029 165.4262 159.8936 161.9314 163.151 159.0795 156.7206 145.631 135.6884 127.566 119.2936 113.3409 103.5507 99.64937 94.45332 91.54385 98.38747 109.1595 113.768 116.9069 120.1399 135.3176 149.8605 153.3211 155.0527 154.8823 147.2661 141.5262 132.3562 130.0497 128.8912 129.6811 129.1115 139.1465 152.9523 172.8008 175.028 174.9859 169.684 167.9614 164.5737 152.5365 153.0132 151.4921 139.7992 138.3979 134.35 137.0687
146.9305 149.5197 151.8286 162.724 172.6642 178.3488 174.7051 169.9109 164.1618 167.3661 165.5615 159.3728 159.696 163.1637 169.0948 170.0612 167.5808 160.8617 158.9655 157.7465 156.5608 150.7101 144.4032 136.2915 125.4024 118.254 107.3941 101.5826 98.46966 89.66222 89.21456 93.51424 103.8327 110.1064 113.4071 117.0902 126.0777 141.3489 151.9938 152.8526 150.8716 148.2705 138.2157 132.7402 136.5962 135.941 133.4281 129.6386 138.4371 153.4682 165.9752 170.4073 170.2884 168.3676 164.5284 155.9542 146.1242 147.1814 143.2253 139.6426 138.7768 140.1563 139.051
148.994 148.6306 150.6527 155.0319 160.2139 167.9053 169.0381 164.4198 160.1206 164.5916 166.0735 164.45 163.6544 165.533 167.0298 164.654 165.5909 161.2704 155.283 145.2991 144.0461 142.4342 136.7039 130.4841 121.4471 113.8199 105.7631 100.4908 97.0697 91.65556 87.1283 89.20218 92.76549 94.9762 100.3266 110.1181 120.2155 128.5004 135.8202 136.1705 138.291 137.7366 131.0977 127.6164 133.3737 136.5812 135.7924 137.4188 134.6335 141.5537 148.1247 156.2665 162.0671 168.3873 156.9575 150.3118 147.178 145.0746 140.7682 143.625 142.2454 138.6661 137.4198
155.1543 152.3164 151.2759 154 154.1442 159.9465 162.6904 164.782 161.9458 162.3608 167.4806 170.8305 169.7896 167.3922 164.6805 162.1801 161.0631 159.8769 152.213 140.7394 139.8062 132.2723 126.2185 122.0134 116.8224 113.6074 111.4019 113.1191 112.4486 107.7434 99.32907 91.48129 85.83197 84.0927 87.59338 100.465 110.6117 119.4534 129.7481 131.422 132.1862 130.0759 123.4372 124.385 128.3895 128.03 134.0396 140.8702 130.4813 135.2246 138.1949 143.6393 151.8977 154.9417 144.2875 139.1098 145.2216 145.8604 143.1775 144.6467 140.14 135.5064 132.6477
156.1255 152.5193 152.4568 152.0243 149.3555 151.8669 156.0068 158.1022 156.9279 161.2628 167.4059 173.2661 174.4349 174.8987 169.0912 165.2699 161.0016 156.1441 150.5526 142.3369 135.6613 128.8663 127.2142 126.9714 122.9892 123.793 126.9807 125.9874 123.7231 123.0221 114.4731 100.5181 85.10326 76.08592 86.71513 98.78693 103.8228 111.0014 116.6747 119.1271 123.2706 126.2418 119.212 122.7445 128.1467 128.272 128.6006 131.3949 129.4713 125.2146 134.6761 147.3163 149.0609 149.933 148.2074 145.8761 147.6954 147.7011 140.9906 141.1597 138.9319 133.9707 132.2625
153.0873 151.5005 152.4341 150.1807 142.6272 148.6454 152.6126 156.0027 159.5695 163.5201 163.8897 167.8954 174.2855 176.7837 175.1558 172.2637 168.0849 160.0113 155.2919 144.6551 132.1711 127.077 128.3685 129.0582 130.3452 133.2235 134.5833 133.2376 130.6466 129.3427 129.0688 113.3228 93.24248 77.72132 77.64648 86.87267 106.2928 117.7777 113.924 109.7363 116.4509 123.8936 120.9869 121.5656 124.1497 127.3294 127.7518 131.5621 129.7053 125.7189 132.2767 147.8343 153.552 154.9675 155 154.0285 146.1271 143.1305 135.2849 133.7027 134.7729 127.5484 127.3176
146.5674 148.8329 152.66 149.6112 144.3419 145.7134 150.9589 156.3398 161.2618 160.5915 157.3342 161.8726 171.8432 177.9465 177.4952 175.6422 177.7483 176.4829 169.6378 159.2217 144.086 135.2358 131.5836 130.9075 135.9806 140.5687 137.3137 129.8138 131.9657 132.3491 127.0546 126.396 109.7147 80.65791 76.28426 82.15139 104.3246 121.5739 109.7443 107.5396 111.182 118.3408 120.6371 117.4337 119.9219 123.5551 127.6584 125.502 124.6572 120.6201 125.1039 137.1399 151.3171 155.086 158.5173 150.5372 144.7379 144.332 139.7614 136.8512 134.8314 125.6572 122.2587
140.7412 144.7755 152.9859 154.4108 150.5973 144.8184 146.9494 156.3833 157.1889 156.4431 157.834 163.8297 169.4503 177.2519 177.7189 176.4749 180.3733 181.2682 176.9814 173.2814 157.2859 146.8568 142.4424 144.3247 150.157 150.1779 141.7646 133.5387 131.7404 133.6332 129.9817 137.4838 126.6483 99.85689 74.72307 76.03843 93.20042 116.8306 114.0313 109.6122 108.4782 108.5444 108.9459 111.7091 112.3738 117.8943 125.3605 125.3518 125.8664 121.1871 122.9486 130.7622 141.4043 147.4381 154.5225 144.1618 139.1298 137.4568 130.1836 130.0534 133.9352 130.5134 124.7964
143.8775 142.0458 145.7279 146.9551 149.2488 145.0246 146.039 150.337 154.6024 155.5984 160.8264 160.336 169.6867 173.8804 178.4939 186.6142 185.4811 180.6871 181.6953 172.0361 157.0842 152.2095 151.86 166.636 173.3982 169.5007 162.7102 147.7946 136.7852 134.371 133.1279 135.7702 130.2932 113.81 89.38657 71.73621 83.88661 116.4204 120.032 113.4819 112.549 107.5372 103.0777 102.2191 103.7902 107.7181 114.5207 120.7916 123.874 123.7475 121.1495 126.7426 134.6513 136.1169 135.7621 131.882 133.2325 132.4636 127.8442 128.4218 128.4686 128.8374 125.8118
149.6241 142.0091 140.2916 143.1393 146.0385 149.3201 145.5481 151.1012 153.6751 152.1808 160.0544 169.0502 178.511 177.9427 181.347 183.71 184.675 185.792 179.0161 173.8943 163.9368 166.9028 174.415 174.9255 174.4505 170.27 164.6933 157.0997 153.2036 150.8759 148.8033 143.4991 134.39 119.6907 99.66475 71.26202 63.22766 93.11904 113.2195 110.1423 111.2466 105.1765 101.5368 103.0265 103.7417 105.5002 106.0726 110.3643 114.4042 118.8351 119.8775 120.0451 126.1008 126.5079 127.0466 131.118 134.4731 136.3869 134.3314 130.9778 128.704 127.0612 129.9582
157.5265 148.1178 142.9259 143.4492 146.5068 149.3885 145.3158 150.2844 155.1591 153.2202 161.0565 173.1241 178.5414 181.2723 187.2994 190.2661 191.864 191.5994 186.3167 185.1994 187.038 188.0421 187.6497 179.7733 172.9619 166.2715 154.9175 156.6871 157.33 152.1044 152.3452 151.5951 138.8336 124.8172 110.5824 74.80638 57.11047 81.07861 98.82922 106.3834 106.0617 103.257 101.4175 105.1034 105.4202 107.2991 107.3904 108.6134 110.9883 115.7444 120.6314 120.6548 124.1634 126.3822 126.9002 131.6495 134.9194 135.9342 136.0517 134.2671 128.5336 127.4258 132.4141
164.6496 162.9243 155.9245 149.4675 152.0801 149.0481 143.1381 148.2502 151.5402 157.2137 166.0283 174.7388 178.4818 184.4795 191.5137 192.1717 186.1914 189.1586 193.3762 187.3313 186.7054 182.479 189.5692 182.9909 172.4085 160.6605 143.4019 141.3029 147.9926 145.0771 146.4312 140.7618 133.3862 127.114 116.489 84.85205 72.77316 82.1542 96.40334 105.5442 103.8334 101.616 104.6067 105.2686 101.8589 103.871 106.9924 110.8661 113.5319 115.0131 118.4367 121.2421 123.9083 127.1787 130.6067 132.0939 132.151 134.0363 135.2661 134.0937 131.9043 129.4509 127.8979
161.8582 162.8683 159.9218 154.3745 153.2809 150.4361 146.5346 150.8532 157.5852 162.2423 167.9601 173.9839 179.0371 184.8591 191.8085 182.8662 171.0215 171.9449 175.1866 172.4689 170.7476 171.3289 174.2742 167.3524 155.9072 147.5059 141.1417 139.4271 138.2489 134.3418 131.9458 126.207 121.5264 116.9391 101.0608 78.65707 75.84025 84.40084 97.41158 108.3211 102.2765 101.2487 104.7221 104.0376 104.3177 105.8799 107.4906 106.4925 114.479 118.0702 120.4245 122.5492 124.0918 127.042 128.177 131.9294 132.8524 134.0623 135.1198 135.3225 134.9855 128.1493 126.5494
160.8213 158.8736 158.6257 158.3508 159.5415 157.6312 155.2086 152.866 158.1245 161.0923 164.6234 165.6292 172.7401 172.9753 174.8604 168.8756 161.0065 160.6618 158.6519 155.8078 154.289 153.1747 153.4095 151.1325 148.0153 143.471 140.417 134.7886 131.0323 125.276 121.4079 115.0377 109.0708 98.31535 84.13842 73.04063 77.29922 81.46955 88.73122 93.75945 96.27776 101.3179 104.6766 103.874 106.5775 105.9946 103.3588 104.1645 111.024 116.8222 118.9792 120.9271 123.7972 123.0184 120.8306 125.2413 130.5223 133.6221 134.2759 139.3786 141.1145 135.1356 126.5171
