hikingtest_data/elev_a_crop_resamp.asc
ncols         96
nrows         72
xllcorner     473195
yllcorner     4286505
cellsize      50
NODATA_value  -9999
[rows 28 to 55 of 72, columns 0 to 62 of 96]
150.7478 147.1706 147.5049 151.0856 160.9473 163.6797 163.2775 154.0277 151.6938 150.4133 151.6091 159.726 164.0789 163.87 159.9895 159.8242 156.5565 156.3934 154.648 152.0682 148.274 149.2236 146.8929 144.9675 144.5683 139.9706 135.9142 134.8064 134.7385 127.114 123.0191 114.685 100.8201 90.73303 80.06157 72.9657 74.80652 77.64333 79.54301 88.03648 100.0352 107.2367 107.5079 102.9951 104.9373 107.028 102.9632 108.1994 110.9792 111.5901 113.6082 118.2284 119.9923 117.965 117.2229 117.6507 123.114 132.2682 139.4955 144.1336 141.1798 133.5482 131.7766
145.5787 138.3218 139.9182 149.7713 157.1885 162.3337 163.1671 154.0879 143.6983 139.4846 145.3407 154.1853 161.0456 159.9326 158 155.8348 153.7603 151.1092 149.8109 150.1809 150.8773 146.5115 144.966 143.108 142.7852 139.2482 134.4136 133.6842 134.5415 126.9191 122.1314 110.2477 99.37612 88.0704 79.76554 73.88508 69.60766 70.45894 76.53003 89.24692 98.03291 105.4413 103.6503 94.8244 97.49398 101.3062 105.2017 111.525 110.025 107.0418 112.0167 117.7072 120.2618 116.8178 115.5301 116.3393 119.3004 129.8451 138.4478 140.0077 133.5631 130.3456 132.7846
135.6111 133.1403 138.3574 143.4439 152.5865 158.3086 160.5887 157.7614 146.4651 133.9417 140.8421 149.7709 156.1783 157.7237 157.1738 157.9187 154.3535 149.95 149 147.9382 148.837 143.068 141.416 142.2839 142.5271 138.0331 133.4373 131.3862 130.5061 124.8461 117.6749 108.1831 96.87024 86.41944 85.2855 78.60197 67.42905 65.15671 74.11108 92.30968 102.7553 104.5107 99.66311 93.4185 95.54514 98.85669 101.082 108.1747 110.7288 110.7439 113.762 115.1689 114.9277 113.7465 113.0225 114.5992 119.6476 128.1488 134.5445 135.7448 130.4601 134.3362 132.9286
132.653 138.2915 139.5714 139.5486 145.9234 154.1941 161.5793 163.287 152.9164 138.3885 140.8378 145.0384 151.7713 155.2262 156.249 159.1725 157.3064 150.2728 146.8892 146.9869 148.3693 145.8335 143.8744 142.0479 139.9818 137.1648 131.3874 129.4664 126.4221 119.721 113.0926 99.8271 91.91331 88.11688 77.31438 77.39733 68.5224 65.81579 78.8119 91.73413 104.0667 104.7556 99.03175 97.53522 99.3196 98.32507 97.65556 98.37167 104.4512 105.8761 108.9656 110.6839 111.2589 112.1659 111.4613 111.7331 118.0041 131.3297 139.5946 132.9979 130.5663 131.8746 133.3268
133.439 137.8177 138.9206 136 142.1802 151.965 157.7663 159.6533 155.9266 143.7645 137.4924 140.2325 141.7712 145.1363 148.254 153.8481 154.4882 147.5173 145.015 143.3487 141.992 140.1317 137.8842 136.0935 135.0571 133.5243 127.7655 124.2852 119.4497 115.0821 105.1148 100.9367 91.88725 87.68355 78.82474 73.20238 68.52176 72.2017 81.60728 97.18022 100.0725 99.81622 99.52227 100.6307 104.776 100.5974 92.23517 96.82168 106.0049 104.6447 109.7444 114.9939 112.8433 110.3309 109.4922 110.5627 118.1188 134.5334 139.4352 130.5647 127.3348 124.7917 124.8479
131.842 138.2422 138.3222 138.0078 142.7564 147.7431 152.0341 154.0059 153.4636 145.9439 130.9236 135.8908 134.5478 136.4395 137.4065 147.0938 151.3286 144.8284 140.1572 137.2613 137.0554 135.8831 133.9156 132.1536 130.7047 129.1551 126.5206 123.3957 119.8216 113.9894 105.9114 98.52014 95.19737 84.61191 79.99049 78.43974 72.04488 73.29166 81.93211 95.57241 98.58047 101.632 103.0725 102.1062 102.1663 97.03964 90.3064 96.95178 109.9112 107.0866 112.3363 111.518 106.5984 106.0909 108.1509 113.0841 117.9832 123.3345 124.3372 127.49 124.8923 121.6389 122.5378
125.4925 135.9918 134.4922 133.4368 139.434 144.6678 149.2211 149.6913 154 149.3598 137.5494 131.9366 132.1917 130.2652 130.0851 138.8504 142.3362 137.721 133.7415 134.5897 133.1825 131.7864 131.341 129.847 126.8514 123.4508 122.5483 120.2897 116.6914 114.6644 107.2726 98.57007 93.69833 86.18666 82.01448 79.52219 72.61523 69.50348 73.88118 83.69334 94.45126 103.4942 98.56444 95.53004 95.82119 91.57381 85.35369 91.11175 98.70686 98.5069 104.0901 107.9366 107.2428 105.5274 107.4726 115.0528 118.0331 118.6389 120.0183 129.0468 130.1884 124.3036 124.3856
120.7304 131.2296 129.209 126.3585 137.8434 147.9342 151.772 153.1017 153.2928 153.0385 144.0741 135.8697 128.7666 129.9454 135.6374 140.7773 137.6811 135.2883 134.2037 138.0809 133.8032 130.3083 127.7224 127.373 123.2801 120.8185 119.6836 119.8967 113.8503 112.3694 109.2309 103.1942 99.94753 96.1305 93.37012 81.75739 70.89705 65.14173 68.10555 77.56319 88.77481 99.13776 97.12788 96.11638 95.16385 88.95213 85.09709 89.15811 94.11247 91.98901 92.67422 99.43742 105.4693 108.7908 110.953 114.6276 117.7639 123.4938 122.6184 126.0448 128.0286 129.6881 126.7286
120.8947 123.8371 126.5242 128.8871 137.6177 144.9959 150.6185 161.8338 164.577 160.3775 154.2827 141.2018 129.3152 129.0327 135.1775 138.7121 138.8479 135.1123 127.1349 129.0173 130.5065 127.8167 125.1127 123.186 122.6935 120.4627 119.6971 120.1171 117.015 113.5079 114.3821 108.1841 105.8447 104.2642 100.967 92.531 76.54163 68.18223 63.8027 68.18372 79.08739 89.20227 93.68677 94.74083 91.22681 85.03366 84.62829 92.94088 94.91708 93.73016 93.14253 94.16586 99.83714 108.7621 111 112.1773 120.1081 125.061 123.6572 128.1219 130.8594 128.4317 126.4161
129.5232 127.3385 132.1971 135.8109 136.6768 144.0427 152.86 168.9333 172.4334 169.2101 162.5172 151.5452 138.174 127.0782 128.1969 127.4619 135.3171 131.194 123.8817 118.0235 124.9603 122.6485 120.1852 121.0518 122.104 118.5546 119.7176 122.4652 121.6407 117.2094 116.5965 111.3098 108.791 111.7792 111.7114 104.9418 84.9659 72.40701 63.74876 63.14781 72.27441 79.33549 82.84615 84.04408 86.4472 90.69429 88.82564 89.72285 92.18382 94.48606 97.32133 98.39796 97.26731 102.9095 105.4501 105.3083 118.3713 123.6572 128.1228 133.8672 133.0668 123.9626 122.4748
128.1409 132.6453 142.8015 145.2036 146.2751 153.2939 162.2771 171.2139 173.186 171.3811 168.573 163.6049 153.6013 132.722 123.0972 122.7717 132.4847 129.2283 127.3121 121.4506 121.829 118.677 115.0947 118.7472 118.9189 120.6394 125.3874 123.2611 125.4972 121.799 115.0347 110.584 116.7145 119.7949 117.3152 109.3396 97.08804 83.1722 64.56485 59.40044 67.00468 74.3323 76.74713 79.56325 90.26034 94.68874 91.92838 89.91085 93.96898 97.7888 98.99083 104.2548 100.1346 98.56531 102.6459 104.5443 112.8833 123.7566 124.6788 126.5975 126.1409 123.7312 113.7299
125.1275 131.2501 144.609 152.0735 159.9782 171.4598 170.912 172.058 178.9833 177.351 173.4318 167.1045 159.6149 140.5343 116.9228 120.3458 126.9563 128.8748 129.3766 128.7623 123.1512 119.8144 118.1143 117.0518 122.2477 117.3384 123.8228 128.5475 131.5025 129.0165 124.8778 125.1741 118.1113 116.8319 115.146 109.9206 98.18324 81.08153 65.93039 57.47287 57.63765 67.24419 76.41698 81.22192 87.15715 96.07817 93.84283 95.40752 97.49935 95.58676 94.1088 99.39785 103.2614 104.788 106.0782 108.8401 111.1855 114.1761 113.1718 121.6873 128.7771 126.2896 112.2838
122.591 130.0628 140.0559 157.8743 172.8296 184.1649 183.3232 177.5772 178.4585 176.3228 168.7253 159.7224 151.8173 139.652 123.3759 117.748 122.5851 127.7988 128.1016 132.3403 128.7399 120.1124 121.1565 121.5356 124.8571 123.8714 124.7764 133.4574 137.6438 133.8786 131.1543 128.8566 116.3579 108.6753 108.8296 106.9535 99.58432 80.4233 62.45269 52.87866 54.07333 65.72701 72.59109 73.98099 85.3512 96.69897 97.79406 102.9037 100.1191 94.98206 96.2475 101.7816 110.5471 113.9435 113.0677 112.9519 110.7285 108.2719 107.7497 116.4578 121.6798 123.2282 123.6917
116.8491 126.9483 138.5283 151.3683 171.4003 181.5111 178.1757 178.9064 172.9379 165.0677 155.3164 147.9333 142.2012 136.7297 123.6806 119.2089 120.2751 122.9137 125.115 128.9652 125.1928 124.4121 130.1451 134.8609 131.2707 127.3853 135.236 136.465 140.8434 142.1058 136.3331 130.2312 118.8578 110.4228 108.9518 105.3788 101.7548 88.85811 65.24712 58.61453 55.29268 62.79544 70.95634 68.86307 79.54553 92.5846 100.2336 103.7499 102.2257 102.9607 104.5874 104.548 111.9648 119.8922 120.1994 117.9194 110.7449 111.8297 110.5923 118.1866 122.398 128.0406 132.9917
114.4144 124.9608 136.5921 147.779 164.8202 172.006 171.0229 176.2203 171.7831 162.4546 155.5303 147.9852 144.0379 138.3134 126.837 119.7417 116.6424 121.2912 123.555 127.7955 127.026 132.6772 139.2088 141.4152 140.658 135.2166 138.1369 141.072 145.608 149.7043 145.8407 126.9261 122.187 116.0925 118.1029 107.9215 97.58463 89.88193 76.87175 67.19218 60.69769 57.36124 57.87666 63.11277 72.84298 87.90604 97.27768 97.01417 99.49159 106.6568 110.7746 110.9312 116.3685 120.7585 122.4263 121.2636 118.224 122.4206 124.0611 125.0211 130.0142 132.9864 127.4781
111.2545 124.1161 135.5641 148.1464 162.9901 168.1184 167.192 168.7773 163.4749 152.8577 150.7171 146.928 143.454 136.3613 132.4997 120.7348 111.7812 121.3566 123.7561 125.7363 129.805 136.0439 140.2146 140.709 141.2405 139.2075 136.2352 139.6005 152.3009 157.7614 147.5163 129.8333 124.2449 123.6858 122.0661 109.5436 95.44383 89.83072 86.61139 78.35303 71.72639 63.60638 57.01649 57.55178 63.88538 82.42493 94.72093 94.25882 99.74953 110.0536 110.8623 113.2104 121.5357 124.8167 124.1002 121.1332 120.5386 125.9741 126.1662 125.8349 129.0435 130.2317 127.5746
112.2829 121.7949 134.276 145.6918 158.5577 164.0316 162.3416 161.9779 157.5992 149.4393 144.727 145.2213 141.984 137.6483 133.3947 120.6914 104.3145 122.5564 123.1315 124.9737 129.8477 131.9539 132.1608 140.5687 141.1247 143.1216 141.8008 139.3022 142.498 144.4927 141.1314 129.7579 124.3429 126.5802 124.1171 109.1749 100.1161 93.88239 94.16615 88.07997 79.78755 67.48193 60.93388 56.95714 58.91763 72.42079 89.94093 99.49468 101.3022 105.3461 106.8736 112.8259 126.9 137.1411 134.0294 125.4381 119.9628 119.5737 120.9598 122.2451 125.2237 129.595 133.6626
121.5979 128.8689 135.1085 143.3891 153.4389 161.5452 161.8182 161.507 160.8398 151.5305 144.4026 144 141.9691 140.4011 132.8688 123.657 108.7437 118.3498 124.3851 122.8537 127 125.2536 127.1439 140.9367 146.9128 150.2889 150.6556 147.3888 142.153 140.0336 138.6273 132.7715 127.2709 128.432 123.0881 114.9637 111.7102 107.7446 103.8406 93.73367 83.82016 67.39688 61.93822 61.38379 60.72038 73.36703 86.09695 96.72497 99.30961 101.2589 105.6674 111.9402 127.9698 141.539 140.1188 134.9092 129.3083 124.2858 122.1549 122.0166 126.8518 129.9388 130.3539
129.8828 134.8715 133.4148 136.2377 147.0945 160.8828 163.6065 160.9528 165.0061 158.5049 146.3995 141.9104 135.6 132.6368 129.7817 123.028 116.7225 119.961 123.7425 124.0995 125.2955 128.7185 136.4311 142.6185 151.4702 154.924 156.2915 153.5602 148.6015 145.6429 143.514 138.5781 132.3623 135.806 136.2431 132.2476 128.6716 119.665 104.9712 93.53214 87.7403 66.80444 60.79807 59.42305 58.07757 76.16099 88.70576 97.02702 100.8253 101.6488 102.4809 110.0189 123.5756 136.8744 143.6859 141.9167 140.5548 135.1175 131.1954 130.2979 129.4618 128.574 127.4165
124.6437 133.2128 132.0541 133.5204 147.9164 162.2373 159.9957 159.2799 157.8999 149.4775 143.9815 141.7158 136.1203 134.093 132 130.1595 115.8653 122.1748 123.1864 125.7857 127.2376 132.4006 140.6089 141.6572 146.1046 154.3462 154.0607 151.3669 151.8174 151.1229 146.4706 146.5475 139.9515 146.1787 147.4618 136.847 130.8484 115.378 96.46284 88.7094 85.5697 68.55103 64.93184 56.12638 58.13959 76.0911 90.31381 97.03708 100.687 98.01773 101.588 103.3442 107.8559 123.8524 137.2789 138.8982 139.363 140.7559 137.3508 139.7124 140.3148 136.9787 132.6376
121.1598 123.755 126.6804 133.9023 147.1715 163.9348 163.304 160.9077 150.3099 139.1888 143.3847 142.4645 139.4431 133.7 130.666 125.446 112.5013 121.033 130.2294 130.0884 130.3869 134.2802 144.9489 146.295 146.9026 150.1078 152.6175 152.7929 154.3082 152.5811 145.8056 145.1264 146.7035 155.7484 149.6301 138.2348 132.7795 107.3287 89.51458 82.91442 80.45854 74.71454 67.51538 55.14681 52.90161 66.5313 80.9518 89.40016 93.53891 96.91469 98.38582 101.7424 95.95816 105.5199 127.5776 133.3959 133.8961 140.0952 145.7369 145.7075 139.2804 134.8672 127.2894
118.6421 125.6008 128.856 130.969 141.4735 154.4856 159.1003 156.0607 143.362 141.0417 139.601 140.5056 135.8364 129.2616 127.3987 125.1751 111.7236 116.7946 123.8069 134.95 134.6062 134.3946 141.3598 144.5558 144.7056 146.3486 154.2417 160.025 161.3842 156.5063 149.8804 147.3679 149.7589 154.0284 144.5482 132.3111 125.7743 103.8588 84.57668 80.08759 77.5935 78.92512 73.2705 60.86008 50.64393 55.58057 70.3839 79.60453 83.35523 90.34107 98.31473 97.92126 90.02345 95.37985 115.5955 128.3544 132.4584 138.5517 149.3855 155.8524 148.3086 140.6599 131.4222
114.864 124.7811 130.1337 126.7421 136.4797 147.0347 155.2834 151.1046 142.0025 139.4241 138.8156 138.9811 137.746 130.9165 129.4201 129.5908 117.9435 115.1778 125.3727 131.2324 133.8287 131.4503 134.6945 139.8226 140.7889 144.8216 154.8611 160.3188 162.7304 159.4825 152.8697 153.8562 155.4798 154.3014 146.0561 134.9589 119.978 100.8193 91.37495 90.25617 86.10548 81.76591 80.46877 61.51577 50.23309 51.54066 61.90668 74.77431 80.26786 84.13949 91.38032 92.77459 87.43082 85.11918 112.096 129.1774 133.6936 137.4451 149.3369 157.4612 153.6554 145.5228 138.9595
111.4801 116.7996 129.6656 132.7502 132.6084 139.8832 147.7709 150.2962 143.3038 137.4313 136.9318 137.5297 136.1626 132.7897 131.8567 126.9131 119.5642 119.0978 124.4717 129.5119 131.7222 130.7196 135.9232 139.2357 143.7203 147.9771 155.8622 160.9149 164.3218 161.51 155.0993 158.2444 158.7708 155.0671 148.228 137.5143 119.6926 103.8186 101.2945 99.65553 91.74156 79.45017 71.55237 59.67072 50.91466 49.02666 59.86053 71.88551 76.7132 86.2419 91.47328 93.78149 88.82464 81.09683 100.3653 122.5097 130.8157 133.1423 140.6258 148.0313 146.233 142.7708 134.6608
110.9926 113.8629 127.4145 133.0908 129.0691 129.1668 134.9927 141.568 138.1898 131.2386 134.1059 138.8134 138.938 136.6029 132.4738 124.2222 114.3036 117.9997 125.0958 124.4449 125.0246 131.1341 136.0895 138.7113 142.6796 146.418 153.5513 157.6025 159.5831 159.9905 164.8988 164.8872 158.2935 151.3529 148.6499 140.1736 122.5148 110.4706 107.9307 105.5267 95.1312 79.43234 68.93244 66.72468 58.06344 51.78017 55.53289 63.0212 71.89848 81.77959 85.39253 87.48803 90.66251 84.79417 90.08939 107.2238 122.0281 125.9828 131.0987 138.0358 139.9236 134.569 131.4202
103.8654 113.2349 121.2033 124.5069 127.878 126.1778 128.6381 132.6993 128.5397 125.7737 130.9839 136.4108 138.974 137.0536 129.5166 119.9389 110.1264 108.4577 118.2206 118.6332 122.5468 127.1064 130.6485 136.4935 140.5596 143.899 149.93 152.2518 157.5233 162.2839 168.6165 165.6282 158.566 155 154.3145 147.0704 132.3949 118.5946 113.9037 112.1673 101.1342 82.32225 70.07478 68.80868 61.75273 54.38485 53.34248 55.61669 64.41382 73.24464 77.54263 80.10511 87.23007 88.09865 85.3109 94.15155 111.5293 121.2814 125.7203 129.4172 130.1398 128.339 127.6418
102.1008 108.2529 115.7072 118.8913 124.6381 125.2787 132.1021 131.773 132.2959 127.4865 125.9565 125.9211 125.6215 125.609 120.4525 117.5028 105.3052 104.8193 115.4775 121.4032 125.5203 127.5938 130.7766 133.5156 137.5943 142.2972 146.8508 150.119 155.0106 157.8711 160.1647 159.1768 157.9588 155.7478 151.9583 150.5237 138.3251 126.6404 120.8475 113.4202 101.2152 83.86467 77.33641 75.85512 68.93969 56.19392 49.44407 51.52615 57.03277 62.43609 70.4496 74.05775 85.51066 87.66585 81.36777 85.34625 97.56642 111.8566 113.7242 117.259 115.6351 115.4373 117.2266
106.9121 111.9349 115.9086 116.5284 119.2977 122.1446 128.0772 128.6711 129.6143 122.6262 116.4867 117.7394 118.4375 121.7456 120.5827 114.1019 108.3818 103.8493 116.4464 124.4344 126.7182 129.5333 134.0707 137.0938 140.5179 144.5933 145.8613 151.998 153.3714 153 156.1096 157.0496 157.4487 155.4809 152.4678 151.2053 141.4265 131.7785 123.4844 112.0993 98.71912 86.84891 82.61417 81.96067 73.56177 60.61652 49.90676 45.6982 50.89758 56.25009 62.81168 67.82057 79.43347 83.83061 82.80077 81.03813 87.0155 98.00376 103.517 107.9115 104.6027 101.6344 103.3571
